0 3.34
1 0.411
2 4.82
3 0.886
4 0.381
5 1.04
6 0.593
7 1.01
8 1.11
9 0.316
10 0.334
11 0.330
12 0.321
13 0.518
13 2.28
14 6.86
14 6.87
15 915
18 3422
18 3459
18 3553
21 6142
26 10294
26 9802
26 9841
26 9846
30 13342
35 18110
35 18154
35 18154
35 18484
39 21845
45 26580
45 26640
45 26651
45 26944
49 30380
54 34899
54 34981
54 34981
54 35399
58 38843
63 43313
63 43352
63 43352
64 43614
65 43564
67 43558
75 43658
76 43654
79 43640
79 43662
81 43660
87 43638
88 43610
95 43760
96 43756
103 43892
105 43886
109 44020
110 44023
111 43991
112 43978
124 44158
125 44115
126 44120
127 44076
128 44065
132 44080
138 44072
141 44081
145 44073
147 44078
162 44178
163 44178
164 44166
166 44209
167 44165
168 44117
170 10.6
171 3.29
171 8.64
172 1.20
172 2.08
172 3.01
172 44121
175 1646
175 1755
175 1756
177 44168
177 44179
178 3682
178 3842
178 3843
178 44079
178 44123
181 5696
181 5793
181 5793
183 43984
183 44076
184 7628
184 7722
184 7753
189 11457
189 11457
189 44035
190 44005
190 44028
192 44029
194 15634
195 16029
195 16030
196 43920
196 43975
198 43931
200 20248
200 20592
200 20643
201 43887
205 24982
205 43876
206 25282
206 25283
208 43856
209 43795
211 29536
211 29849
211 29858
215 43981
216 43935
217 34143
217 34473
217 34503
217 43846
217 43936
218 43845
222 38894
223 39101
223 39186
224 43887
228 43982
229 42947
229 43949
230 43950
231 43886
232 42893
237 42921
238 42924
239 42949
241 44034
242 42781
242 42840
242 44130
243 44027
243 44039
244 43994
246 43928
254 42968
254 43942
255 43021
258 43951
260 43948
262 43430
262 43476
267 43941
267 43988
268 43897
270 43700
270 43891
270 43893
272 43804
275 43985
278 43882
278 43979
279 43853
279 43856
279 43896
279 43934
280 43882
282 43834
283 43797
284 43787
286 44036
289 43887
293 44117
294 44080
301 43942
302 43984
303 43988
303 44223
305 43939
305 44231
308 44270
311 44214
313 44214
315 44185
318 44129
318 44131
319 44120
321 44093
321 44228
322 44209
324 44175
326 44264
327 44229
329 44217
330 44266
331 44169
332 44174
337 44122
338 44132
339 44038
339 44090
340 44223
341 44219
341 44228
343 44025
343 44161
343 44168
344 44023
345 44114
347 43936
347 44154
348 43874
348 43926
348 43959
348 44167
349 43848
350 43807
354 43871
354 9.17
355 16.3
356 27.7
356 37.6
356 37.9
356 43924
358 1602
358 1658
358 1660
358 44151
359 44196
360 44136
363 5506
364 5906
364 6034
364 6058
366 43973
366 43995
366 44089
367 44148
368 43828
368 43851
369 10325
369 10508
369 10624
369 9972
374 44076
375 44209
375 44220
376 16504
376 16697
376 43852
377 16944
377 16947
381 43834
382 20200
382 20424
383 44062
384 43907
385 21794
385 21969
385 21971
385 44038
386 43981
389 24956
389 24978
390 24628
390 25084
390 25111
390 25113
391 43951
392 23528
392 44009
393 44097
394 44113
395 44146
397 43995
401 21637
401 44083
404 44040
405 44079
405 44200
407 44179
407 44195
412 44035
412 44084
412 44134
413 28205
413 44132
415 44075
417 28837
417 44134
417 44192
419 44073
420 30719
420 30761
420 44112
420 44213
423 44077
424 33536
424 33602
427 43970
428 36966
429 44027
430 43993
431 38983
432 38988
433 43941
433 44010
433 44151
434 39776
436 44216
436 44231
441 44192
441 44238
442 43818
442 44110
443 43629
444 43647
444 44125
444 44158
445 44004
447 44042
448 43578
449 44078
451 43683
452 43497
453 43671
456 43472
456 43967
458 43495
458 44044
459 44006
459 44039
461 43628
461 44083
463 43631
464 43476
464 44308
465 43986
467 44049
468 44063
468 44151
469 44329
469 44342
470 44077
470 44121
470 44356
471 44295
471 44491
472 44549
473 44524
475 44473
476 44460
481 43815
482 43776
482 43824
483 44013
484 43620
484 44017
485 43703
486 43634
488 44027
490 43950
491 44018
493 44010
493 44025
493 44073
493 44106
494 44050
495 44062
495 44239
496 44174
497 44215
497 44239
497 44244
499 44359
499 44438
500 44380
500 44429
502 44517
503 44406
503 44435
504 43803
505 43878
507 43760
507 43816
509 43718
512 44484
512 44598
513 44420
513 44767
514 44559
514 44659
516 44657
518 45249
519 45018
519 45526
520 44767
521 45587
521 45597
522 45093
523 45529
523 45616
524 44122
526 44155
528 44877
528 44882
529 44288
530 44161
530 44670
530 44796
531 44164
532 44224
534 43704
535 44075
535 44088
536 43844
536 43888
536 44119
536 44152
537 43862
539 43962
541 44482
542 44125
543 44222
544 44512
545 44328
547 44428
547 44501
550 44227
552 43975
555 44238
556 44264
557 44310
557 44516
557 44650
559 44651
560 44777
560 45062
562 45261
564 45065
565 45091
567 45409
567 45790
569 45428
572 45324
573 45080
573 45141
573 45175
573 45252
