0 10.6
0 11.1
0 16.3
0 18.2
0 21.9
0 31.1
0 3.47
1 0.424
1 0.825
1 1.84
1 1.93
1 2.04
1 2.32
1 6.30
2 0.560
2 0.674
2 16.8
2 1.85
2 2.02
2 3.31
2 8.68
3 1.26
3 1.40
3 2.39
3 4.17
3 5.10
3 5.21
3 5.43
4 0.356
4 0.411
4 1.36
4 1.88
4 3.35
4 3.52
4 3.78
5 18.0
5 4.12
5 5.47
5 5.98
5 6.96
6 0.272
6 0.428
6 1.37
6 1.88
6 2.24
6 2.28
6 2.90
7 2.05
7 3.18
7 4.40
7 5.08
7 6.42
7 8.61
7 9.01
8 10.0
8 11.8
8 19.0
8 1.97
8 3.58
8 6.19
8 6.67
9 1.83
9 2.18
9 2.55
9 3.50
9 4.90
9 8.99
9 9.97
10 0.837
10 11.0
10 14.9
10 1.52
10 1.88
10 2.07
11 0.391
11 0.995
11 1.27
11 2.03
11 2.19
11 3.94
11 8.59
12 0.828
12 0.895
12 1.02
12 4.48
12 5.05
12 5.29
12 5.70
13 1.54
13 1.59
13 16.9
13 2.26
13 3.57
13 4.27
13 5.49
14 0.421
14 0.737
14 1.05
14 1.99
14 2.87
14 3.16
14 3.34
15 1.44
15 1.93
15 3.36
15 4.74
15 5.02
15 6.03
15 6.51
16 1.26
16 16.3
16 2.01
16 2.30
16 2.31
16 2.55
16 3.08
17 0.370
17 0.418
17 1.07
17 13.8
17 4.57
17 6.22
17 7.52
18 1.07
18 12.2
18 1.34
18 1.54
18 2.98
18 4.56
18 5.24
19 0.314
19 0.617
19 0.709
19 0.840
19 2.20
19 5.87
19 5.93
20 0.602
20 2.57
20 3.21
20 4.16
20 4.36
20 4.51
20 6.63
21 0.952
21 16.6
21 3.71
21 3.73
21 5.11
21 5.36
21 7.49
22 0.827
22 1.20
22 16.2
22 4.67
22 6.70
22 8.26
22 9.07
23 0.981
23 1.07
23 1.77
23 2.19
23 2.83
23 3.27
23 4.82
24 12.3
24 1.25
24 1.67
24 1.99
24 2.10
24 6.38
24 8.61
25 10.8
25 2.59
25 3.55
25 4.71
25 5.23
25 8.35
25 9.84
26 0.457
26 0.828
26 0.959
26 1.07
26 1.88
26 2.60
26 3.31
27 1.24
27 2.08
27 2.10
27 2.55
27 2.89
27 4.28
27 7.24
28 0.319
28 0.492
28 1.10
28 1.28
28 14.1
28 5.94
28 6.07
29 0.660
29 0.964
29 10.3
29 2.11
29 2.94
29 5.41
30 10.5
30 1.86
30 3.81
30 4.93
30 5.02
31 1.82
31 1.83
31 2.02
31 2.28
31 6.40
31 6.45
31 8.08
32 0.829
32 6.30
32 7.14
32 7.52
32 7.62
32 7.70
32 8.35
33 0.715
33 16.1
33 1.64
33 17.0
33 17.2
33 2.65
33 3.60
34 0.355
34 0.959
34 1.04
34 1.04
34 1.65
34 1.98
34 4.52
35 0.962
35 11.4
35 1.34
35 13.8
35 14.0
35 19.2
35 2.20
36 0.385
36 0.585
36 0.953
36 1.17
36 1.96
36 2.04
36 2.55
37 11.6
37 3.24
37 3.54
37 3.93
37 6.62
37 8.63
37 8.93
38 0.794
38 20.5
38 5.71
38 6.34
38 7.97
38 8.06
38 8.91
39 1.07
39 19.8
39 22.3
39 2.63
39 2.98
39 3.45
39 3.65
40 0.560
40 0.901
40 1.03
40 1.15
40 2.48
40 2.62
40 2.62
41 0.686
41 2.04
41 2.24
41 2.49
41 2.52
41 3.63
41 9.28
42 1.32
42 1.38
42 1.84
42 2.80
42 4.63
42 6.32
42 9.97
43 0.371
43 2.36
43 2.60
43 2.90
43 3.60
43 3.73
43 4.95
44 0.439
44 0.605
44 0.952
44 1.45
44 1.74
44 2.75
44 3.67
45 0.704
45 1.03
45 2.13
45 3.56
45 3.78
45 4.41
45 4.57
46 1.39
46 1.62
46 1.74
46 2.34
46 2.83
47 11.4
47 12.4
47 12.9
47 13.0
47 19.7
47 3.20
47 7.80
48 0.986
48 1.09
48 1.49
48 1.53
48 2.37
48 3.02
48 4.17
49 0.360
49 0.440
49 1.14
49 1.96
49 4.03
49 4.23
49 4.40
50 2.05
50 3.30
50 3.40
50 3.47
50 4.05
50 8.53
50 9.35
51 0.520
51 10.7
51 1.14
51 1.40
51 2.06
51 2.83
51 2.95
52 1.15
52 1.45
52 25.2
52 32.3
52 5.35
53 0.583
53 0.999
53 1.32
53 4.26
53 4.33
53 4.67
53 5.96
54 0.916
54 1.12
54 1.33
54 1.51
54 1.73
54 2.10
54 3.25
55 1.21
55 1.27
55 1.40
55 4.15
55 6.98
55 7.20
55 7.21
56 0.874
56 1.03
56 11.7
56 1.84
56 5.05
56 5.59
56 6.58
57 0.818
57 24.5
57 29.6
57 3.30
57 4.67
57 5.64
57 6.59
58 2.55
58 2.92
58 3.65
58 4.02
58 4.21
58 4.26
58 4.70
59 1.20
59 2.59
59 35.1
59 3.88
59 4.73
59 4.85
59 4.96
60 0.461
60 0.563
60 1.07
60 1.12
60 2.41
60 3.98
60 4.79
61 0.472
61 0.499
61 1.67
61 2.57
61 3.00
61 3.41
61 3.45
62 1.93
62 2.79
62 3.17
62 3.46
62 3.55
62 4.39
62 7.42
63 0.650
63 1.99
63 2.01
63 2.75
63 2.93
63 3.03
63 3.11
64 0.590
64 1.12
64 1.44
64 1.74
64 2.41
64 3.00
64 4.02
65 0.765
65 1.13
65 1.37
65 1.96
65 2.02
65 3.41
65 3.61
66 17.7
66 1.99
66 2.18
66 3.02
66 6.75
66 7.09
66 8.21
67 0.708
67 0.986
67 18.7
67 19.3
67 5.23
67 56.8
68 1.59
68 2.61
68 2.75
68 2.76
68 5.20
68 5.60
68 7.02
69 1.39
69 1.67
69 1.98
69 2.02
69 5.25
69 7.04
69 9.74
70 1.94
70 3.50
70 4.07
70 4.25
70 4.52
70 4.80
70 7.62
71 1.73
71 1.74
71 2.09
71 2.23
71 2.38
71 2.47
71 6.47
72 2.22
72 2.28
72 2.92
72 4.27
72 5.40
72 7.49
72 7.58
73 0.760
73 0.793
73 0.810
73 0.955
73 2.22
73 2.57
73 3.01
74 0.316
74 1.56
74 1.89
74 2.20
74 2.89
74 3.23
74 7.41
75 10.9
75 3.76
75 4.68
75 6.86
75 8.10
75 9.84
77 1357
77 1380
77 1404
78 0.853
78 0.985
78 1278
78 1.31
78 1.42
78 493
78 608
78 641
78 702
79 0.419
79 14.4
79 1.48
79 2.06
80 0.802
80 0.810
80 0.889
80 10.8
80 2.55
80 4.03
81 1.50
81 1.63
81 16.8
81 1.78
81 2.17
81 2.77
81 3.40
82 12.9
82 15.5
82 1.59
82 2.65
82 2.82
82 3.67
83 0.764
83 1.41
83 1.70
83 20.3
83 2.52
83 6.73
83 9.00
84 0.405
84 0.592
84 1.58
84 1.94
84 2.32
84 24.7
84 3.95
85 1.99
85 20.5
85 4.16
85 4.21
85 7.14
85 8.33
86 0.716
86 18.3
86 3.02
86 3.03
86 3.18
86 5.22
86 8.91
87 1.11
87 12.8
87 15.3
87 2.23
87 2.78
87 3.61
87 4.56
88 10.0
88 1.50
88 1.96
88 2.21
88 4.37
88 5.98
89 0.469
89 12.7
89 13.0
89 1.96
89 3.78
89 7.50
90 0.581
90 1.06
90 1.40
90 2.00
90 2.59
90 2.62
90 2.88
91 0.302
91 0.424
91 0.815
91 2.16
91 2.30
91 2.40
91 4.36
92 0.521
92 0.663
92 11.3
92 1.34
92 17.1
92 17.9
92 9.49
93 0.463
93 10.7
93 19.9
93 2.47
93 2.83
93 3.93
93 4.59
94 1.44
94 1.86
94 2.01
94 2.72
94 2.89
94 6.76
95 0.638
95 0.979
95 1.58
95 16.7
95 1.79
95 3.38
95 8.59
96 0.917
96 11.3
96 1.60
96 16.6
96 21.5
96 2.83
96 5.95
97 0.447
97 0.589
97 2.19
97 23.7
97 2.67
97 3.43
97 3.44
98 12.0
98 13.9
98 1.63
98 1.69
98 3.58
98 5.12
98 7.48
99 0.336
99 0.376
99 0.416
99 1.25
99 2.63
99 4.81
100 10.8
100 1.88
100 2.32
100 3.12
100 3.31
100 4.02
100 4.66
101 0.422
101 1.13
101 1.37
101 1.44
101 2.06
101 2.38
101 7.62
102 0.753
102 1.02
102 1.22
102 2.06
102 3.97
102 7.56
102 9.23
103 1.20
103 17.2
103 2.94
103 3.00
103 3.59
103 3.74
103 6.16
104 0.341
104 0.950
104 1.36
104 1.49
104 1.49
104 1.68
104 2.63
105 1.03
105 1.07
105 1.41
105 1.90
105 2.95
105 3.08
105 8.85
106 0.616
106 0.664
106 2.41
106 2.73
106 5.65
106 5.68
107 0.371
107 0.631
107 0.904
107 3.71
107 4.85
107 5.93
107 7.78
108 0.736
108 0.892
108 1.26
108 1.76
108 6.64
108 6.84
109 0.654
109 1.00
109 1.10
109 1.82
109 2.05
109 5.32
109 6.48
110 11.5
110 1.48
110 1.59
110 2.07
110 4.60
110 5.68
110 5.96
111 0.525
111 0.759
111 2.08
111 2.32
111 3.75
111 4.18
111 6.93
112 11.6
112 15.5
112 16.8
112 2.31
112 3.05
112 4.48
112 5.22
113 0.858
113 0.979
113 15.2
113 1.94
113 3.37
113 3.87
113 5.38
114 1.02
114 1.83
114 1.94
114 2.11
114 2.25
114 4.35
114 6.96
115 1.11
115 12.3
115 1.35
115 1.64
115 2.71
115 3.11
116 0.963
116 1.09
116 1.53
116 1.62
116 1.67
116 3.07
116 3.73
117 0.336
117 1.12
117 1.50
117 15.7
117 2.42
117 3.01
117 7.05
118 1.53
118 1.84
118 4.04
118 4.63
118 7.59
118 7.82
118 8.67
119 0.974
119 2.12
119 2.21
119 3.24
119 3.43
119 4.04
119 4.08
120 0.731
120 1.09
120 1.23
120 1.56
120 2.51
120 2.56
120 2.97
121 0.336
121 1.42
121 1.53
121 2.58
121 25.8
121 3.02
121 5.12
122 1.02
122 10.6
122 1.48
122 2.52
122 6.07
122 6.13
123 1.09
123 1.95
123 23.5
123 2.66
123 3.23
123 4.13
123 5.93
124 0.412
124 10.2
124 1.46
124 2.16
124 2.41
124 2.68
124 3.31
125 0.572
125 1.51
125 4.14
125 5.11
125 5.82
125 7.61
125 9.66
126 0.971
126 1.33
126 1.97
126 2.37
126 27.6
126 4.10
126 6.62
127 0.920
127 1.82
127 5.35
127 5.98
127 7.45
127 8.02
128 1.08
128 1.18
128 2.53
128 5.43
128 5.82
128 9.70
129 0.579
129 1.35
129 13.8
129 2.75
129 3.00
129 3.36
129 4.66
130 1.12
130 1.36
130 2.09
130 3.09
130 6.46
130 7.80
130 8.92
131 0.693
131 0.810
131 1.20
131 12.0
131 1.24
131 18.4
131 6.70
132 20.8
132 2.36
132 5.66
132 6.44
132 6.73
132 8.08
133 1.64
133 1.95
133 3.16
133 3.21
133 3.43
133 4.16
133 4.75
134 19.3
134 19.4
134 2.58
134 2.60
134 5.78
134 7.84
135 10.6
135 12.1
135 2.30
135 4.32
135 4.86
136 12.8
136 2.24
136 2.44
136 2.89
136 4.53
136 5.41
136 9.64
137 0.564
137 0.564
137 1.22
137 1.59
137 1.81
137 5.18
137 7.69
138 1.17
138 1.62
138 2.18
138 2.33
138 2.82
138 5.89
138 5.96
139 1.60
139 2.13
139 2.20
139 2.50
139 4.38
139 4.62
139 7.65
140 1.10
140 11.2
140 2.58
140 2.65
140 4.12
140 6.87
141 0.662
141 2.61
141 3.77
141 3.81
141 4.34
141 53.4
141 5.45
142 0.971
142 1.07
142 14.0
142 1.55
142 1.93
142 6.74
142 7.01
143 0.466
143 0.944
143 2.88
143 3.16
143 3.76
143 9.30
144 17.9
144 2.48
144 3.22
144 6.03
144 9.99
145 18.2
145 19.0
145 2.20
145 2.92
145 2.94
145 6.32
146 1.10
146 3.02
146 3.49
146 3.55
146 4.37
147 0.833
147 0.994
147 14.4
147 1.66
147 1.66
147 6.05
147 8.05
148 1.45
148 2.21
148 2.56
148 2.90
148 7.85
149 23.7
149 3.10
149 3.21
149 3.95
149 7.26
149 7.58
149 9.12
150 1.24
150 1.38
150 1.92
150 23.7
150 3.26
150 4.55
150 5.11
151 0.627
151 1.28
151 1.63
151 2.15
151 4.04
151 5.44
151 6.90
152 3.54
152 501
153 254
153 3.65
153 40.0
153 418
153 4.31
153 56.5
153 6.01
153 8.84
154 0.507
154 0.911
154 2.52
154 2.96
154 8.02
154 8.18
155 0.349
155 0.534
155 2.95
155 4.29
155 4.47
156 0.575
156 0.644
156 11.0
156 121
156 2.94
156 342
156 3.59
157 362
157 670
157 671
158 10.2
158 20.6
158 378
158 388
158 42.5
158 5.79
158 592
158 708
158 716
158 789
159 10.0
159 10.6
159 1.35
159 14.4
159 17.1
159 23.8
159 26.5
159 2.75
159 2.77
159 8.43
159 9.84
160 20.1
160 22.1
160 2.66
160 3.65
160 5.93
160 6.45
160 6.71
160 7.33
160 7.46
161 11.2
161 22.1
161 22.3
161 3.41
161 3.75
161 4.11
161 5.36
161 5.99
161 7.18
161 7.93
161 8.67
162 1.39
162 2.26
162 3.00
162 3.50
162 3.90
162 4.96
162 5.02
162 5.24
162 5.62
162 6.33
163 10.1
163 19.0
163 23.9
163 2.51
163 27.6
163 4.96
163 5.51
163 6.60
163 8.82
164 11.1
164 1.34
164 1.62
164 17.4
164 2.09
164 4.62
164 5.32
164 6.21
164 6.97
164 9.98
165 0.427
165 0.646
165 12.1
165 14.3
165 1.90
165 1.94
165 2.17
165 4.35
166 0.606
166 1.10
166 1.13
166 12.1
166 16.2
166 18.3
166 2.20
166 5.28
167 0.992
167 1.59
167 1.64
167 24.0
167 2.76
167 2.82
167 3.64
167 4.84
167 5.45
167 7.11
167 8.37
168 1.00
168 1.34
168 18.6
168 18.8
168 2.66
168 31.7
168 3.49
168 3.61
168 36.4
168 8.77
169 0.373
169 0.618
169 17.3
169 2.64
169 2.77
169 5.09
169 5.50
169 5.90
169 8.70
169 8.75
169 9.06
170 10.3
170 13.0
170 1.68
170 17.0
170 2.04
170 4.00
170 4.87
170 6.12
170 6.66
170 9.54
171 1.62
171 16.6
171 17.0
171 2.56
171 30.1
171 3.68
171 3.74
171 38.4
171 40.5
171 4.19
171 4.81
172 12.7
172 1.35
172 1.39
172 14.9
172 3.15
172 4.87
172 5.01
172 5.66
172 6.72
172 7.87
172 8.34
173 15.1
173 18.1
173 22.7
173 2.55
173 2.77
173 2.91
173 3.63
173 3.83
173 4.22
173 44.1
173 4.76
174 13.3
174 22.6
174 2.36
174 2.98
174 3.60
174 8.02
175 10.1
175 12.8
175 17.1
175 20.8
175 23.5
175 5.21
175 5.29
175 9.10
176 29.8
176 3.32
176 3.44
176 5.71
176 6.52
176 6.79
176 6.92
176 7.86
176 8.63
176 8.88
177 10.4
177 1.16
177 22.3
177 28.7
177 2.96
177 32.5
177 3.95
177 4.38
177 4.88
177 5.56
178 11.1
178 11.3
178 21.7
178 2.97
178 3.68
178 4.27
178 7.18
178 8.55
179 14.6
179 15.6
179 22.9
179 2.71
179 8.60
179 9.51
180 18.4
180 21.1
180 28.9
180 3.15
180 3.38
180 3.85
180 5.32
180 6.29
180 6.66
180 7.96
181 1.52
181 21.8
181 2.50
181 2.58
181 3.08
181 36.4
181 3.72
181 5.41
181 7.23
182 1.66
182 1.96
182 4.27
182 4.65
182 4.73
182 6.34
182 8.63
183 25.8
183 2.69
183 3.09
183 3.49
183 3.69
183 3.78
183 6.90
183 8.59
184 0.505
184 18.1
184 1.85
184 4.21
184 4.70
184 4.73
184 4.82
184 9.63
185 10.7
185 11.7
185 14.5
185 17.9
185 21.2
185 22.5
185 2.66
185 26.7
185 3.06
186 15.0
186 2.49
186 3.98
186 4.00
186 5.25
186 5.55
186 9.60
187 0.455
187 11.2
187 24.6
187 2.88
187 32.1
187 3.76
187 3.83
187 4.68
187 6.34
187 6.39
187 7.41
188 12.9
188 16.4
188 2.44
188 4.63
188 5.93
188 66.3
188 7.36
188 8.96
188 9.55
189 11.1
189 12.9
189 1.34
189 3.51
189 5.54
189 7.81
189 8.02
189 8.71
190 0.617
190 1.14
190 1.78
190 2.75
190 2.83
190 3.78
190 4.40
190 4.43
190 5.22
191 0.534
191 1.44
191 16.1
191 2.01
191 3.15
191 58.7
191 8.10
192 12.3
192 1.83
192 2.05
192 3.41
192 48.9
192 8.05
192 8.75
193 10.6
193 3.20
193 3.42
193 5.42
193 6.42
193 8.82
194 0.698
194 15.3
194 17.6
194 2.39
194 23.9
194 26.3
194 2.70
194 3.21
194 3.27
194 5.69
195 0.711
195 11.0
195 3.56
195 4.45
195 50.2
195 6.31
196 0.426
196 10.3
196 1.05
196 15.5
196 16.2
196 17.8
196 20.2
196 4.83
196 5.28
196 6.19
197 0.824
197 10.8
197 14.4
197 16.5
197 29.5
197 4.38
197 5.46
197 5.65
197 5.74
197 5.80
197 6.74
198 0.925
198 10.7
198 1.43
198 3.59
198 4.90
198 4.94
198 5.63
198 7.96
199 10.1
199 12.4
199 12.9
199 13.6
199 1.81
199 22.3
199 27.4
199 3.35
199 5.67
199 6.03
200 0.699
200 0.937
200 11.2
200 11.5
200 13.6
200 13.7
200 2.50
200 4.41
200 5.33
200 6.53
200 8.52
201 0.871
201 10.5
201 15.2
201 16.1
201 1.78
201 6.08
201 7.62
201 7.98
201 9.29
202 0.825
202 11.8
202 12.4
202 1.43
202 1.54
202 2.12
202 2.54
202 4.00
202 6.18
202 6.92
203 0.929
203 27.9
203 2.82
203 29.5
203 31.0
203 5.54
203 6.43
203 8.22
204 10.4
204 10.7
204 19.9
204 21.9
204 24.9
204 2.55
204 46.9
204 5.61
204 7.42
205 14.7
205 15.5
205 15.7
205 2.02
205 5.87
205 7.09
205 7.73
205 7.91
205 8.31
206 13.5
206 13.9
206 1.56
206 2.49
206 2.61
206 3.13
206 3.81
206 5.14
206 5.53
206 6.99
207 11.1
207 13.0
207 22.5
207 3.01
207 3.62
207 3.74
207 6.89
207 8.38
208 15.8
208 18.7
208 2.57
208 3.66
208 5.62
208 6.15
208 6.71
208 8.29
208 9.44
209 1.02
209 14.3
209 14.4
209 16.8
209 17.7
209 3.57
209 3.78
209 6.36
210 0.697
210 0.892
210 14.2
210 15.5
210 16.4
210 2.17
210 3.02
210 4.96
210 5.13
210 5.23
211 11.7
211 12.0
211 1.43
211 16.6
211 1.93
211 27.6
211 4.22
211 4.88
211 7.71
212 0.475
212 10.3
212 11.1
212 11.1
212 15.7
212 16.5
212 5.21
212 5.28
212 6.16
212 6.82
213 0.891
213 1.45
213 15.0
213 16.8
213 17.1
213 17.2
213 20.2
213 2.27
213 3.09
213 6.46
214 11.5
214 12.9
214 18.4
214 20.2
214 2.26
214 2.86
214 3.63
214 4.66
214 5.61
214 9.31
215 1.13
215 1.97
215 2.08
215 23.2
215 3.91
215 4.54
215 5.63
216 1.16
216 13.2
216 13.3
216 13.7
216 14.8
216 15.8
216 1.80
216 2.08
216 7.21
217 0.904
217 11.3
217 14.5
217 2.24
217 22.9
217 28.0
217 2.81
217 3.47
217 3.89
217 4.53
217 7.11
218 10.4
218 15.0
218 1.60
218 2.48
218 2.63
218 3.53
218 3.75
218 3.77
218 6.21
219 1.91
219 2.08
219 2.09
219 2.58
219 2.66
219 4.00
219 4.08
219 4.99
219 54.0
220 0.674
220 1.76
220 2.00
220 26.1
220 26.4
220 5.43
220 5.83
220 7.12
220 9.01
220 9.83
221 11.1
221 2.39
221 2.69
221 3.08
221 6.34
221 7.69
221 7.93
221 8.67
221 8.89
221 9.46
222 1.38
222 2.17
222 2.47
222 28.4
222 35.5
222 6.98
222 8.14
223 1.25
223 2.40
223 3.47
223 3.68
223 5.93
223 6.34
223 6.79
223 6.94
224 10.5
224 11.0
224 11.0
224 2.35
224 3.96
224 5.06
224 5.46
224 5.58
224 6.44
224 6.83
225 0.892
225 1.34
225 15.7
225 19.0
225 2.57
225 25.9
225 3.93
225 7.63
225 9.34
226 13.4
226 1.48
226 1.93
226 2.31
226 2.75
226 2.99
226 3.10
226 3.57
226 4.59
226 6.80
227 1.10
227 1.25
227 27.4
227 4.60
227 4.69
227 7.28
227 8.00
228 1.33
228 14.7
228 1.50
228 2.16
228 26.8
228 3.49
228 6.22
228 7.22
228 7.76
229 15.4
229 15.8
229 16.6
229 32.2
229 32.2
229 4.37
229 4.46
230 4.93
230 6.72
231 907
232 2058
232 2120
233 1519
233 1576
233 5.45
233 610
233 7.16
234 0.449
234 2.31
234 2.35
234 3.31
234 4.38
234 4.44
234 5.10
234 6.32
235 0.822
235 11.0
235 3.68
235 5.90
235 6.45
235 66.6
235 7.69
236 236
236 624
237 1173
237 1174
237 1194
237 1204
239 1383
239 1874
240 2357
240 2624
241 1719
241 1734
241 1909
241 2174
241 2175
241 2178
241 2186
241 2192
241 2345
241 2346
242 264
242 423
242 424
242 433
242 600
242 605
242 909
242 911
243 10.4
243 16.1
243 18.0
243 20.3
243 21.4
243 23.8
243 25.0
243 29.3
243 30.4
243 3.26
243 35.1
243 7.28
243 8.44
244 11.1
244 11.3
244 12.6
244 12.6
244 32.6
244 6.85
244 78.5
244 93.5
245 11.7
245 119
245 33.2
245 4.76
245 5.09
245 57.0
245 5.82
245 80.3
245 8.80
245 8.90
245 9.83
246 13.7
246 37.0
246 37.4
246 49.0
246 5.21
246 6.52
246 6.54
246 6.60
246 90.0
246 9.23
247 10.2
247 10.2
247 113
247 124
247 12.9
247 16.1
247 18.5
247 3.95
247 4.49
247 55.4
247 7.48
247 8.50
247 9.97
248 10.7
248 10.9
248 12.6
248 14.8
248 25.4
248 40.2
248 43.2
248 5.21
248 6.36
248 9.61
249 12.8
249 17.4
249 41.3
249 51.1
249 61.4
249 63.7
249 64.3
249 6.51
249 66.0
250 12.6
250 14.9
250 19.0
250 8.82
250 9.82
251 13.7
251 14.9
251 20.8
251 25.2
251 30.3
251 30.4
251 30.9
251 8.40
252 111
252 18.2
252 20.9
252 2.32
252 26.6
252 26.8
252 50.5
252 5.13
252 8.81
252 8.91
253 14.6
253 35.3
253 3.81
253 39.4
253 50.9
253 52.6
253 56.0
253 57.7
253 57.9
253 6.18
253 75.7
254 105
254 106
254 107
254 1.47
254 18.4
254 32.3
254 4.12
254 4.45
254 4.64
254 83.3
254 94.7
255 10.2
255 121
255 121
255 155
255 25.8
255 3.44
255 5.13
255 6.59
255 90.8
255 92.4
256 17.1
256 18.3
256 2.14
256 33.1
256 35.5
256 35.7
256 45.0
256 45.2
256 45.5
256 64.4
256 68.8
256 9.78
256 9.94
257 10.2
257 201
257 31.4
257 3.33
257 34.2
257 34.9
257 4.22
257 6.22
257 6.81
257 6.97
257 9.18
258 11.5
258 21.0
258 25.2
258 27.6
258 4.23
258 43.7
258 4.39
259 10.1
259 15.1
259 18.1
259 27.1
259 34.3
259 47.0
259 4.91
259 49.3
259 50.0
260 10.2
260 13.7
260 16.3
260 16.9
260 20.9
260 21.8
260 25.3
260 25.4
260 25.9
260 50.5
260 5.27
260 6.91
260 8.03
260 8.39
261 14.4
261 15.5
261 22.4
261 25.1
261 4.63
261 68.1
261 7.46
261 76.5
261 76.8
261 79.8
261 80.2
261 8.77
262 100
262 10.0
262 13.9
262 14.0
262 23.6
262 3.07
262 6.62
262 90.0
262 9.35
262 9.59
262 98.1
263 16.3
263 26.1
263 29.4
263 5.93
263 9.18
264 10.6
264 3.03
264 34.3
264 38.1
264 41.6
264 7.24
264 7.63
264 8.01
264 8.69
264 8.80
264 9.83
264 9.86
265 13.1
265 20.7
265 28.7
265 51.7
265 52.1
265 52.4
265 53.2
265 5.62
265 9.77
265 9.81
266 12.4
266 13.2
266 15.3
266 16.6
266 25.1
266 35.4
266 35.5
266 36.4
266 38.4
266 4.67
266 5.14
266 5.97
266 9.35
267 10.8
267 14.0
267 16.5
267 20.8
267 22.8
267 28.7
267 43.4
267 44.0
267 4.46
267 6.38
267 8.84
268 15.4
268 19.3
268 25.1
268 38.8
268 50.7
268 53.7
268 55.4
268 59.8
268 60.4
269 13.2
269 16.1
269 21.3
269 22.7
269 2.60
269 26.1
269 41.7
270 10.8
270 13.2
270 13.4
270 27.4
270 45.0
270 45.2
270 6.04
270 6.63
270 8.45
271 17.8
271 22.2
271 23.0
271 31.0
271 32.2
271 3.46
271 4.40
271 57.6
271 6.46
271 7.61
272 31.7
272 44.6
272 44.6
272 8.09
272 9.86
273 21.2
273 41.9
273 6.30
273 69.8
274 1.06
274 12.4
274 17.8
274 18.0
274 6.79
274 7.18
275 11.4
275 13.5
275 16.1
275 22.9
275 29.3
275 2.94
276 14.2
276 28.6
276 32.6
276 34.3
276 40.5
276 4.10
276 4.43
276 60.7
276 63.0
276 69.2
276 69.7
276 9.48
277 14.0
277 3.05
277 3.35
277 3.93
277 39.7
277 50.7
277 5.47
277 65.0
278 0.726
278 16.9
278 17.3
278 26.7
279 10.2
279 16.2
279 17.4
279 21.3
279 2.73
279 33.0
279 39.3
279 6.83
279 73.2
279 7.47
279 75.4
279 8.18
279 9.19
279 9.28
280 10.5
280 10.7
280 10.9
280 21.8
280 23.9
280 2.45
280 37.6
280 4.74
280 5.83
280 8.93
281 10.1
281 18.0
281 26.7
281 47.6
281 56.6
281 57.4
281 6.17
281 6.76
281 76.7
282 10.3
282 10.6
282 17.3
282 18.6
282 19.9
282 31.6
282 33.1
282 33.6
282 35.7
282 42.9
282 43.1
282 4.78
282 6.15
282 7.06
283 14.7
283 14.7
283 15.2
283 21.6
283 22.5
283 25.6
283 33.5
283 3.80
283 7.68
284 12.9
284 36.3
284 5.62
284 68.5
284 7.23
285 12.5
285 2.39
285 2.60
285 3.70
285 5.47
285 6.57
285 7.89
285 9.56
285 9.98
286 11.3
286 13.2
286 15.3
286 20.7
286 26.3
286 6.83
286 9.13
287 44.5
287 45.1
287 4.55
287 6.97
287 8.45
288 18.9
288 40.1
288 42.6
288 4.48
288 4.90
288 6.09
288 6.91
289 8.53
289 8.64
289 8.70
289 9.36
290 27.2
290 28.2
290 28.7
290 34.5
290 40.2
290 5.88
290 7.93
290 9.28
291 43.7
291 5.98
291 6.64
291 6.69
291 90.0
292 13.1
292 17.6
292 36.0
292 4.06
292 8.55
293 10.2
293 12.5
293 14.6
293 36.1
293 45.0
293 5.93
293 6.80
294 35.8
294 37.2
294 38.2
294 39.4
294 4.49
294 6.10
294 8.44
294 8.61
295 1.07
295 1.13
295 12.7
295 21.1
295 23.2
295 27.8
295 7.62
296 10.9
296 14.2
296 17.7
296 4.62
296 5.12
296 5.23
296 7.58
296 9.24
296 9.73
296 9.97
297 11.6
297 11.7
297 23.6
297 24.3
297 33.9
297 42.6
297 6.89
297 8.42
297 8.49
297 8.54
298 1.40
298 17.4
298 5.05
298 5.52
298 5.91
298 8.49
298 8.64
299 0.687
299 10.7
299 22.8
299 24.8
299 28.7
299 3.29
299 4.56
299 5.32
299 8.11
299 9.55
300 12.1
300 1.83
300 18.7
300 40.4
300 5.67
300 7.24
301 10.6
301 13.0
301 13.1
301 17.7
301 18.6
301 19.6
301 21.7
301 4.27
301 7.70
301 8.13
301 8.71
301 9.17
302 25.8
302 3.52
302 44.3
302 44.8
302 55.4
302 8.88
303 24.6
303 28.4
303 5.58
303 5.79
303 7.51
303 8.95
303 9.00
304 11.8
304 11.8
304 16.8
304 22.7
304 25.6
304 30.4
304 30.6
304 34.5
304 37.6
304 5.91
304 7.34
305 10.0
305 10.6
305 11.6
305 14.6
305 14.7
305 16.9
305 71.4
305 7.59
305 9.27
305 9.39
306 17.4
306 21.3
306 25.4
306 27.7
306 35.2
306 5.01
306 6.02
306 7.29
306 86.5
306 86.6
307 24.0
307 25.6
307 27.4
307 44.4
307 4.95
307 8.71
307 9.33
308 11.9
308 12.3
308 8.23
308 86.9
308 8.81
308 89.2
308 89.7
308 91.9
308 9.36
308 9.53
309 10.2
309 10.5
309 11.6
309 12.6
309 13.4
309 14.9
309 29.5
309 6.47
309 9.56
309 9.58
310 13.5
310 14.5
310 21.1
310 26.1
310 32.6
310 33.5
310 33.8
310 59.4
310 6.73
310 7.04
311 24.1
311 3.64
311 46.4
311 50.5
311 5.46
312 24.0
312 24.9
312 27.1
312 32.0
312 3.99
312 41.6
312 4.44
312 8.11
313 10.0
313 11.0
313 11.3
313 20.2
313 22.2
313 28.7
313 4.05
313 6.64
313 8.16
313 8.61
314 10.0
314 10.9
314 11.0
314 34.0
314 6.23
315 10.6
315 18.0
315 30.6
315 35.7
315 38.5
315 38.5
315 62.1
316 11.9
316 12.6
316 14.0
316 20.3
316 3.28
316 34.6
316 38.8
316 39.3
316 4.00
316 48.1
316 6.67
317 12.6
317 14.0
317 29.4
317 4.00
317 6.55
317 7.51
317 8.09
318 10.7
318 14.6
318 14.7
318 16.2
318 16.3
318 19.3
318 5.04
318 5.85
318 61.5
319 22.5
