0 17.6
0 20.1
0 23.0
0 23.6
0 58.6
0 61.5
0 62.4
1 119
1 120
1 12.0
1 131
1 13.2
1 13.4
1 14.6
2 230
2 232
2 241
2 4.25
2 4.31
2 5.43
2 5.79
3 10.7
3 12.8
3 337
3 352
3 352
3 5.97
3 7.17
4 2.61
4 3.12
4 447
4 4.50
4 459
4 467
4 5.19
5 1.11
5 14.5
5 16.5
5 20.0
5 580
5 588
5 606
6 1.85
6 2.32
6 4.05
6 5.33
6 686
6 700
6 703
7 0.366
7 1.08
7 1.46
7 4.63
7 806
7 810
7 816
8 19.2
8 6.71
8 7.04
8 7.05
8 925
9 0.828
9 10.0
9 10.3
9 6.33
9 933
9 941
10 1046
10 1057
10 1064
10 2.12
10 3.07
10 4.53
10 4.79
11 1145
11 1150
11 1155
11 1.85
11 2.64
11 6.05
11 7.36
12 1256
12 1264
12 1272
12 2.15
12 2.30
12 2.97
12 4.92
13 10.8
13 1361
13 1367
13 1377
13 3.34
13 4.61
14 12.0
14 12.2
14 1461
14 1477
14 16.6
14 7.04
15 1574
15 1582
15 1585
15 21.3
15 3.41
15 3.60
15 5.84
16 1679
16 1689
16 1697
16 2.78
16 8.22
16 9.07
16 9.63
17 1801
17 1813
17 4.10
17 4.79
17 5.76
17 7.61
18 0.992
18 1815
18 1920
18 2.94
18 3.13
18 5.59
19 1935
19 1940
19 2.39
19 4.26
19 4.37
19 4.49
20 2040
20 2050
20 2059
20 2.74
20 3.68
20 4.84
20 8.70
21 2156
21 2177
21 2183
21 5.18
21 5.84
21 6.28
21 9.03
22 11.3
22 13.4
22 13.9
22 2267
22 2267
22 8.83
23 10.4
23 10.6
23 11.4
23 13.1
23 2274
23 2275
24 1.90
24 2281
24 2284
24 5.20
24 9.03
24 9.62
25 0.915
25 2275
25 3.29
25 5.09
25 5.40
26 1.58
26 1.59
26 2.06
26 2271
26 2275
26 2.78
27 1.79
27 2267
27 2275
27 2276
27 2.30
27 3.55
27 3.75
28 2267
28 2279
28 8.23
28 8.32
28 8.55
28 9.49
29 17.4
29 19.7
29 2272
29 2.87
29 3.78
30 2283
30 2289
30 2289
30 3.87
30 6.19
30 8.20
30 8.60
31 1.68
31 2280
31 2282
31 2.77
31 5.47
31 6.13
32 20.1
32 21.5
32 2269
32 2272
32 2293
32 28.9
32 28.9
33 0.797
33 0.825
33 2261
33 2264
33 2279
33 6.17
33 7.72
34 1.14
34 1.18
34 2.04
34 2258
34 2267
34 3.80
35 0.724
35 1.19
35 2261
35 2271
35 7.30
35 7.63
36 2265
36 2269
36 3.20
36 3.82
36 3.83
36 4.37
37 2261
37 2269
37 2.40
37 2.79
37 3.90
37 4.64
38 1.60
38 2260
38 2262
38 2270
38 2.61
38 3.09
38 5.24
39 1.67
39 1.69
39 2263
39 2273
39 2277
39 6.43
39 6.58
40 0.867
40 12.1
40 12.2
40 2255
40 2265
40 7.52
41 11.0
41 12.4
41 2257
41 2259
41 2268
41 9.81
42 0.943
42 11.8
42 14.3
42 15.4
42 2266
42 2269
43 2251
43 2269
43 7.24
43 7.25
43 7.45
43 7.68
44 18.4
44 19.5
44 2253
44 2262
44 3.03
44 7.57
45 2259
45 2259
45 3.16
45 4.33
45 7.77
45 8.36
46 10.1
46 12.2
46 2265
46 2270
46 2271
47 2264
47 2266
47 2267
47 2.47
47 2.65
47 5.57
47 6.51
48 2.07
48 2264
48 2266
48 2267
48 2.56
48 3.85
48 4.23
49 12.6
49 13.3
49 2268
49 2271
49 2271
49 2.99
49 5.61
50 2.01
50 2264
50 2265
50 2297
50 2.55
50 4.29
50 6.29
51 1.12
51 2.14
51 2273
51 2276
51 3.86
51 4.10
52 2269
52 2270
52 2277
52 2.49
52 5.27
52 5.36
52 6.67
53 10.9
53 2268
53 2269
53 2278
53 7.91
53 8.24
54 11.7
54 12.0
54 2269
54 2275
54 7.36
55 22.5
55 2263
55 2263
55 2270
55 2.43
55 24.8
55 25.8
56 2267
56 3.90
56 4.20
56 4.35
56 4.51
57 10.1
57 2278
57 2279
57 2285
57 4.65
57 6.80
57 9.26
58 2.27
58 2271
58 2279
58 4.33
58 4.37
58 4.62
59 0.653
59 1.08
59 1.21
59 1.56
59 2264
59 2264
59 2275
60 18.1
60 18.8
60 19.6
60 20.4
60 2261
60 2262
60 2273
61 21.0
61 22.3
61 2263
61 2264
61 22.7
61 2272
61 24.4
62 19.2
62 20.9
62 2257
62 2260
62 2273
63 1.80
63 2257
63 2258
63 2275
63 2.43
63 2.57
63 4.13
64 11.6
64 2258
64 2261
64 2268
64 6.51
64 6.58
64 9.75
65 2256
65 2260
65 2263
65 4.62
65 5.01
65 7.39
65 8.30
66 2285
66 3.95
66 4.13
66 4.26
66 4.66
67 2267
67 2268
67 2275
67 2.59
67 3.18
67 4.35
67 5.97
68 2272
68 2276
68 5.04
68 6.92
68 7.00
68 7.44
69 2264
69 2274
69 2280
69 2.87
69 4.22
69 5.10
69 5.40
70 10.5
70 2265
70 2269
70 2283
70 4.46
70 5.20
70 5.81
71 11.4
71 12.1
71 2264
71 2270
72 1.10
72 1.28
72 2.11
72 2271
72 2.55
73 2270
73 2278
73 3.84
73 3.85
73 4.04
73 4.16
74 2273
74 2279
74 3.31
74 3.50
74 8.77
74 9.25
75 13.2
75 13.2
75 1.99
75 2.99
76 3373
77 4243
78 1526
78 2384
78 2449
78 2450
78 2549
78 3121
78 3177
78 3297
78 3887
78 3897
78 4007
78 686
79 58.5
80 2893
80 2945
80 2961
81 1193
81 1407
81 3505
82 1010
82 1060
82 185
82 235
82 2594
82 2680
82 2685
82 2704
82 2752
82 2832
83 13.3
83 2727
83 2786
83 2822
83 2831
83 5.16
84 2256
84 2315
84 3.81
84 4.28
85 2.18
85 2280
85 4.60
86 10.6
86 2286
86 2300
86 2.83
87 1.41
87 2278
88 14.8
88 2273
88 2274
88 5.07
89 2.30
89 7.95
90 1.09
90 2.18
90 2271
91 0.998
91 1.98
91 2279
91 2282
92 0.521
92 2264
92 2275
92 2.38
93 0.395
93 1.52
93 2271
93 2275
94 1.02
94 1.79
94 2268
95 10.1
95 1.98
95 2261
95 2265
95 2274
96 0.928
96 2.17
96 2252
96 2260
96 2264
97 2244
97 2263
97 2.59
97 5.43
98 2238
98 2245
98 2251
98 2260
98 2.71
98 4.54
99 1.57
99 2260
99 2264
99 3.47
100 2264
100 3.35
100 5.14
101 1.70
101 2257
101 2263
101 2268
101 3.02
102 0.509
102 2244
102 2252
102 2253
102 2253
102 2.27
103 0.728
103 2.04
104 2260
104 2265
104 2284
104 3.57
104 6.50
105 1.19
105 2264
105 2265
105 2282
105 7.23
106 0.488
106 2251
106 2258
106 8.23
107 0.892
107 1.32
108 1.44
108 2245
108 2246
108 2254
108 2261
108 7.54
109 2246
109 2248
109 2266
109 2267
109 4.07
109 4.36
110 10.3
110 2241
110 2244
110 2251
110 2258
110 2.65
111 0.593
111 1.79
111 2243
111 2260
112 2253
112 2254
112 2277
112 3.90
112 5.46
113 0.766
113 2268
113 2272
113 2273
113 2280
113 2.55
114 0.767
114 2268
114 2268
114 2269
114 6.17
115 1.87
115 2269
115 2280
115 6.66
116 1.89
116 2246
116 2267
116 2.58
117 1.89
117 21.4
117 2255
118 1.03
118 1.80
119 2274
119 2.51
119 3.39
120 11.8
120 2262
120 3.19
121 1.30
121 2266
121 2276
121 8.52
122 1.87
122 2.08
123 0.863
123 4.39
124 1.99
124 2.07
124 2256
124 2268
124 2272
124 2278
125 0.470
125 2256
125 3.95
126 0.420
126 2260
126 2263
126 2267
126 4.37
127 2266
127 5.67
127 5.78
128 0.503
128 2259
128 2274
128 9.16
129 0.842
129 2257
129 2266
129 7.94
130 1.75
130 2245
130 2256
130 2261
130 3.19
131 1.00
131 16.1
131 2253
131 2268
132 2259
132 2269
132 4.28
132 5.96
133 1.40
133 2254
133 2255
133 2262
133 4.95
134 1.46
134 2266
134 2.57
135 0.802
135 0.852
135 2259
135 2260
136 0.348
136 1.58
136 2257
136 2270
137 2254
137 2259
137 3.99
137 6.06
138 0.952
138 2245
138 2251
138 2259
138 2267
138 2.58
139 1.97
139 2249
139 2260
139 3.80
140 0.807
140 2244
140 2247
140 2257
140 7.55
141 1.19
141 2241
141 2246
141 2255
141 2256
141 2.91
142 2264
142 4.00
142 4.17
143 0.401
143 2241
143 2258
143 2262
143 2.91
144 1.41
144 2234
144 2235
144 2243
144 2252
144 2260
144 3.38
145 18.7
145 2239
145 2243
145 4.96
146 2246
146 2254
146 2255
146 2261
146 2.39
146 5.54
147 1.82
147 2258
147 2271
147 2271
147 8.04
148 2260
148 2267
148 2.63
148 3.93
149 1.32
149 2269
149 9.61
150 1.74
150 4.08
151 0.973
151 2275
152 19.0
152 2264
152 2266
153 2.50
154 2272
154 2272
154 2277
154 4.44
155 2254
155 2254
155 2267
155 2275
155 25.7
155 3.43
155 7.07
156 101
156 125
156 2242
156 2254
156 2255
156 2272
156 6.98
156 80.0
157 139
157 223
157 2245
157 2369
157 27.7
157 460
158 11.2
158 2248
158 2252
158 2261
158 486
158 5.11
158 543
158 608
159 1021
159 2266
159 2351
159 4.33
159 864
159 892
159 939
160 11.3
160 1296
160 1301
160 2246
160 2247
160 2257
160 2258
160 2259
160 5.86
161 13.3
161 1361
161 1460
161 2247
161 2264
161 2265
162 10.0
162 11.1
162 1786
162 1798
162 1864
162 1941
162 2270
163 18.2
163 2255
163 2265
163 2269
163 3.88
164 2251
164 2266
164 2285
164 4.45
164 9.68
165 2263
165 2275
165 6.88
165 9.60
166 17.2
166 2247
166 2263
166 2265
166 2277
166 2286
166 4.07
167 2245
167 2250
167 2265
167 2270
167 2272
167 27.6
167 4.19
168 22.2
168 2254
168 2255
168 2257
168 2263
168 2285
168 9.47
169 2266
169 2269
169 2297
169 2.99
169 31.2
170 1.24
170 2255
170 2267
170 2281
170 2283
170 27.7
171 2255
171 2264
171 2264
171 2274
171 2282
171 2286
171 6.13
172 16.0
172 2238
172 2254
172 2264
172 29.0
173 2255
173 2262
173 2263
173 2266
173 54.2
173 5.49
174 19.0
174 2252
174 2254
174 2264
174 2273
174 2281
174 2286
174 3.57
175 10.0
175 2249
175 2259
175 2260
175 2266
175 2266
175 2270
175 7.67
176 2246
176 2258
176 2260
176 2269
176 2274
176 8.63
176 9.99
177 2241
177 2268
177 2280
177 2.51
177 4.43
178 2250
178 2256
178 2268
178 2270
178 25.9
179 2264
179 2265
179 2289
179 5.83
179 6.03
180 2260
180 2292
180 2294
180 8.39
180 8.94
181 11.3
181 15.8
181 2258
181 2258
181 2280
181 2289
182 2256
182 2258
182 2274
182 2278
182 4.35
182 5.72
183 2231
183 2243
183 2258
183 2260
183 2268
183 2270
183 5.07
183 5.53
184 2240
184 2242
184 2248
184 2261
184 2262
184 8.92
184 9.06
185 2254
185 2260
185 4.76
185 5.05
186 2260
186 2260
186 2264
186 2275
186 2290
186 41.8
186 5.08
187 2234
187 2257
187 2263
187 2266
187 3.06
188 2246
188 2250
188 2257
188 2257
188 29.5
188 7.95
189 2243
189 2253
189 2253
189 2260
189 2276
189 2278
189 8.39
190 2225
190 2253
190 2256
190 2262
190 2269
190 4.92
190 6.79
191 11.3
191 2253
191 2255
191 2255
191 2258
191 2265
191 2.62
192 2253
192 2261
192 2268
192 24.0
192 2.65
193 2237
193 2250
193 2266
193 2294
193 3.64
193 5.27
194 2256
194 2257
194 2264
194 2265
194 2275
194 2276
194 23.4
194 4.45
195 19.8
195 20.9
195 2249
195 2255
195 2256
195 2266
195 2266
195 2270
196 2268
196 2270
196 2276
196 2280
196 4.38
197 1.69
197 19.7
197 2256
197 2267
197 2267
198 1.09
198 2259
198 2267
198 2275
198 2296
199 2274
199 2274
199 2281
199 2282
199 5.30
199 7.08
200 10.4
200 1.77
200 2268
200 2278
201 2248
201 2256
201 2278
201 2286
201 4.27
201 5.81
202 21.1
202 2244
202 2258
202 2269
202 2286
202 8.57
203 18.9
203 2257
203 2264
203 2271
203 2277
203 6.82
204 2244
204 2246
204 2274
204 2.69
204 6.57
205 1.48
205 2229
205 2241
205 2247
205 2267
205 2269
205 2283
205 4.83
206 2261
206 2262
206 2271
206 2288
206 4.76
207 12.0
207 2237
207 2260
207 2263
207 3.57
208 2248
208 2258
208 2264
208 2304
208 6.59
208 7.28
209 2239
209 2251
209 2262
209 2278
209 2279
209 8.38
210 2250
210 2272
210 2284
210 2292
210 37.6
210 6.39
211 2272
211 2289
211 23.7
211 36.0
212 2244
212 2265
212 2269
212 5.56
212 5.72
213 2266
213 2271
213 3.49
213 7.12
214 2257
214 6.08
214 7.11
215 2269
215 2269
215 2275
215 2278
215 3.89
215 4.70
216 2261
216 2264
216 2272
216 5.35
216 7.75
217 13.4
217 2253
217 2254
217 2257
217 2257
217 2260
217 2265
217 4.28
218 2251
218 2254
218 2264
218 2264
218 2266
218 2269
218 8.24
219 2240
219 2247
219 2253
219 2257
219 2260
219 2265
219 2.29
219 22.9
220 2.14
220 2229
220 2246
220 2250
220 2268
220 2282
220 9.69
221 19.9
221 2214
221 2223
221 2244
221 2251
221 2271
221 3.25
222 1.91
222 2268
222 2268
222 8.32
223 2223
223 2241
223 2246
223 2249
223 2283
223 3.92
224 0.691
224 22.0
224 2261
224 2265
225 21.4
225 2249
225 2251
225 2260
225 2267
225 2269
225 2273
225 4.34
226 2236
226 2245
226 2265
226 3.23
226 6.11
227 18.4
227 2242
227 2257
227 2263
227 2266
227 2267
227 2275
227 3.83
228 2241
228 2251
228 2271
228 2280
228 2.53
228 6.23
230 2534
230 2547
230 2916
231 2266
231 2282
231 2384
231 2438
231 2548
232 2388
232 2417
232 2431
232 2450
232 2648
232 2665
232 2688
233 2260
233 2266
233 2296
233 2299
233 2326
233 2444
234 12.5
234 2249
234 2299
234 2429
234 2472
234 2473
234 256
234 31.6
235 2755
235 2776
236 1285
236 2245
236 2247
236 2269
236 2548
236 3017
236 3033
236 3037
237 2592
237 2618
237 496
238 2922
238 2961
238 625
239 2233
239 2279
239 2321
239 2321
239 683
239 720
239 853
240 2295
240 930
240 968
241 1001
241 1057
241 1085
241 2250
241 2309
241 997
242 1069
242 1236
242 2274
243 1332
243 2253
243 2259
243 2301
243 2346
244 1513
244 1534
244 2275
244 2282
244 2310
245 1721
245 1824
245 2266
245 2281
245 2313
246 1832
246 1837
246 1887
246 2271
246 2275
246 2288
247 1955
247 2267
247 2267
247 2273
247 2284
247 2289
248 2167
248 2242
248 2275
248 2277
248 2306
249 2276
249 2280
249 2288
249 2291
249 2294
249 2374
250 2260
250 2277
250 2283
250 2283
250 2310
251 2251
251 2265
251 2267
251 2268
251 2283
251 2290
252 2272
252 2292
252 2299
252 2326
253 2247
253 2258
253 2273
254 2230
254 2267
254 2270
254 2278
254 2282
254 2300
255 2232
255 2266
255 2272
255 2287
255 2321
256 2273
256 2276
256 2286
256 2290
256 2295
257 2268
257 2279
257 2293
257 2317
257 2317
257 2335
258 2272
258 2275
258 2278
258 2280
258 2296
259 2257
259 2258
259 2260
259 2279
259 2281
260 2224
260 2273
260 2276
260 2286
260 2297
261 2255
261 2276
261 2297
261 2322
261 2330
262 2268
262 2271
262 2273
262 2276
262 2280
263 2235
263 2293
263 2306
263 2307
263 2314
263 2338
264 2243
264 2250
264 2271
264 2296
264 2299
265 2233
265 2251
265 2260
265 2309
266 2222
266 2237
266 2240
266 2280
267 2239
267 2239
267 2276
267 2330
268 2252
268 2260
268 2270
268 2272
268 2287
269 2254
269 2259
269 2262
269 2262
269 2263
269 2267
269 2273
270 2223
270 2226
270 2233
270 2236
270 2266
270 2271
270 2272
270 2273
270 2280
271 2241
271 2248
271 2249
271 2250
271 2253
271 2265
271 2265
271 2265
272 2231
272 2246
272 2253
272 2259
272 2266
273 2258
273 2261
273 2297
273 2329
274 2220
274 2229
274 2241
274 2247
274 2249
274 2261
274 2261
274 2274
275 2248
275 2254
275 2256
276 2236
276 2267
276 2275
276 2284
276 2302
276 2321
277 2263
277 2275
277 2279
277 2283
277 2296
277 2308
278 2256
278 2263
278 2283
278 2297
279 2238
279 2267
279 2278
279 2285
279 2291
280 2174
280 2181
280 2216
280 2246
280 2277
281 2121
281 2183
281 2259
281 2263
281 2288
281 2295
281 2304
281 2307
282 2269
282 2269
282 2278
282 2284
282 2285
282 2313
282 2344
283 2247
283 2264
283 2268
283 2268
283 2274
283 2280
283 2282
283 2289
284 2254
284 2269
284 2274
284 2283
284 2293
284 2297
285 2271
285 2272
285 2273
285 2274
285 2292
286 2274
286 2275
286 2283
286 2305
287 2195
287 2245
287 2261
287 2263
287 2270
287 2270
287 2274
287 2301
288 2241
288 2262
288 2272
288 2289
288 2295
289 2230
289 2230
289 2239
289 2265
289 2268
289 2275
289 2275
289 2277
290 2255
290 2270
290 2273
290 2280
290 2287
291 2261
291 2267
291 2268
291 2270
291 2291
291 2305
292 2217
292 2266
292 2266
292 2268
292 2280
292 2291
293 2295
294 2280
294 2284
294 2290
294 2294
294 2294
294 2304
295 2159
295 2179
295 2188
295 2209
295 2211
295 2212
295 2221
295 2224
295 2234
295 2274
296 1868
296 1923
296 2232
296 2236
296 2247
296 2266
296 2269
297 1833
297 1880
297 2196
297 2245
298 1789
298 1805
298 1870
298 2249
298 2268
298 2269
299 2259
299 2319
300 1841
300 1926
300 2185
300 2245
301 1748
301 2216
301 2220
301 2225
301 2282
301 2288
302 1706
302 1711
302 1765
302 2220
302 2243
302 2258
302 2262
303 1620
303 1680
303 2201
303 2233
303 2253
303 2292
304 2256
304 2266
305 2137
305 2179
305 2196
305 2202
305 894
306 2258
306 656
306 855
307 2135
307 2211
307 2288
308 17.3
308 2011
308 2213
308 2272
308 2286
309 1913
309 2188
309 2280
310 1765
310 1805
310 2225
310 34.1
310 34.9
311 12.6
311 1806
311 49.8
312 1585
312 15.9
312 2181
312 2202
312 2206
312 2211
312 42.7
313 105
313 1646
313 1672
313 1738
313 2266
313 2295
313 2296
313 94.5
314 1756
314 1761
314 2262
314 25.9
314 40.6
314 56.9
314 84.3
315 2254
315 2255
315 2266
315 86.5
316 16.2
