0 14.1
0 23.8
0 38.1
0 47.2
0 47.9
0 93.6
0 93.7
1 10.6
1 10.7
1 18.8
1 2.06
1 53.8
2 13.3
2 15.3
2 4.35
2 50.8
2 7.55
2 8.07
3 1.29
3 13.2
3 17.0
3 29.6
3 3.31
3 3.42
3 8.17
4 10.1
4 10.7
4 11.2
4 1.86
4 5.62
4 8.19
4 9.69
5 17.3
5 18.5
5 20.2
5 21.7
5 25.5
5 30.5
5 9.17
6 11.2
6 12.0
6 14.6
6 19.8
6 2.27
6 5.96
7 12.2
7 2.40
7 2.68
7 3.65
7 7.99
7 8.87
7 9.60
8 14.5
8 2.34
8 3.43
8 4.11
8 5.51
8 8.39
8 8.79
9 17.9
9 19.1
9 21.0
9 33.6
9 5.02
10 13.3
10 14.2
10 16.9
10 19.0
10 6.35
10 8.61
10 9.73
11 10.8
11 13.6
11 3.05
11 3.36
11 4.61
11 5.60
11 9.59
12 0.935
12 12.6
12 13.2
12 21.6
12 2.23
12 4.25
12 44.0
13 12.9
13 21.1
13 2.54
13 2.94
13 4.55
13 6.30
13 8.83
14 18.5
14 22.5
14 2.97
14 3.05
14 3.93
14 7.84
14 8.56
15 10.6
15 1.26
15 1.28
15 3.55
15 6.65
15 7.05
15 7.67
16 12.4
16 1.40
16 17.2
16 1.90
16 25.1
16 3.23
16 7.06
17 11.2
17 11.8
17 12.1
17 2.50
17 3.91
17 4.25
17 9.07
18 12.4
18 12.4
18 14.8
18 15.2
18 16.1
18 2.21
18 5.39
19 11.0
19 12.7
19 1.48
19 19.6
19 2.38
19 25.2
19 3.57
20 10.4
20 10.9
20 13.4
20 14.4
20 1.93
20 3.71
20 3.82
21 12.5
21 12.7
21 16.3
21 2.86
21 45.9
22 0.660
22 15.5
22 15.9
22 1.93
22 5.74
22 6.20
22 6.32
23 10.4
23 15.2
23 15.7
23 1.69
23 7.19
23 8.79
24 12.9
24 2.21
24 22.7
24 2.81
24 4.93
24 5.68
24 9.81
25 11.2
25 16.5
25 2.22
25 5.90
25 8.72
25 8.91
25 9.82
26 0.284
26 0.343
26 13.1
26 15.5
26 6.97
26 8.88
26 9.52
27 0.736
27 13.8
27 15.7
27 24.9
27 6.97
27 7.34
27 7.50
28 10.0
28 1.53
28 3.34
28 3.67
28 4.90
28 6.34
28 8.14
29 10.8
29 11.9
29 19.7
29 21.4
29 22.1
29 32.5
29 7.88
30 12.9
30 20.1
30 2.82
30 3.11
30 3.75
30 6.10
30 7.10
31 15.7
31 26.3
31 2.95
31 5.96
31 6.49
31 8.78
31 9.18
32 10.9
32 1.82
32 2.07
32 3.11
32 3.97
32 6.16
32 8.85
33 18.4
33 19.9
33 21.7
33 4.70
33 5.31
33 6.20
33 7.11
34 11.4
34 13.1
34 22.8
34 26.6
34 3.54
34 5.31
34 6.07
35 1.22
35 18.9
35 5.09
35 5.90
35 6.66
35 8.23
35 9.24
36 15.0
36 16.2
36 17.4
36 17.7
36 39.0
36 8.26
37 16.9
37 21.0
37 3.30
37 4.44
37 4.64
37 6.92
37 7.30
38 11.2
38 12.3
38 20.6
38 5.73
38 7.95
38 9.51
39 10.0
39 11.0
39 16.1
39 17.9
39 18.7
39 30.8
39 9.87
40 18.3
40 3.07
40 3.70
40 4.93
40 5.57
40 5.62
40 8.69
41 13.9
41 15.0
41 2.05
41 2.57
41 2.78
41 5.48
42 11.4
42 12.4
42 12.9
42 35.4
42 6.64
42 9.46
43 12.9
43 4.00
43 4.18
43 5.54
43 8.72
44 10.2
44 14.3
44 1.67
44 17.0
44 21.9
44 2.66
44 3.37
45 0.381
45 16.0
45 18.6
45 18.8
45 2.04
45 4.55
45 6.95
46 17.1
46 17.2
46 2.48
46 2.52
46 3.29
46 5.27
46 5.40
47 12.4
47 14.1
47 1.67
47 2.95
47 5.32
47 7.43
47 8.12
48 12.2
48 16.9
48 20.8
48 2.47
48 5.38
48 7.58
48 7.65
49 16.1
49 18.6
49 22.9
49 2.34
49 26.3
49 3.99
49 7.56
50 0.661
50 10.6
50 22.2
50 2.58
50 6.38
50 6.99
50 9.18
51 16.9
51 1.87
51 2.45
51 26.7
51 3.48
51 3.79
51 9.99
52 11.1
52 11.6
52 1.18
52 1.44
52 4.62
52 5.24
52 7.27
53 12.6
53 13.1
53 2.61
53 5.79
53 6.21
53 7.65
53 9.49
54 1.41
54 19.8
54 2.07
54 21.4
54 3.54
54 4.49
54 6.08
55 1.82
55 1.98
55 3.20
55 3.26
55 8.27
55 9.25
55 9.26
56 0.626
56 11.7
56 13.8
56 17.0
56 2.41
56 7.57
56 9.16
57 14.6
57 2.29
57 24.4
57 25.5
57 3.58
57 3.65
57 4.06
58 10.4
58 11.3
58 14.1
58 15.8
58 2.74
58 3.83
58 9.06
59 21.3
59 2.65
59 26.8
59 2.72
59 2.97
59 3.29
59 8.71
60 0.809
60 10.6
60 11.7
60 15.8
60 26.4
60 3.13
60 4.18
61 2.14
61 21.8
61 3.36
61 7.73
61 8.16
61 9.77
61 9.79
62 10.4
62 11.4
62 1.69
62 21.0
62 5.70
62 6.32
62 8.15
63 10.6
63 13.6
63 14.2
63 2.17
63 4.03
63 9.43
64 1.26
64 2.38
64 3.77
64 58.9
64 9.07
64 9.66
65 1.29
65 15.8
65 1.71
65 5.62
65 6.43
65 8.43
65 9.33
66 12.6
66 13.6
66 15.8
66 16.2
66 24.3
66 2.91
66 4.18
67 13.1
67 14.6
67 15.8
67 1.67
67 16.8
67 22.5
67 9.35
68 10.1
68 15.8
68 21.2
68 22.5
68 23.3
68 3.02
68 5.28
69 14.7
69 19.8
69 2.48
69 4.54
69 5.95
70 14.8
70 18.8
70 20.8
70 21.4
70 2.62
70 4.28
70 9.96
71 10.7
71 15.4
71 16.5
71 2.86
71 4.13
71 5.45
72 10.1
72 18.8
72 21.3
72 2.47
72 3.90
72 4.21
72 4.61
73 1.27
73 13.7
73 1.77
73 20.6
73 28.7
73 3.33
73 5.93
74 0.339
74 12.6
74 1.49
74 2.23
74 22.4
74 5.12
75 10.9
75 13.9
75 15.2
75 18.2
75 23.4
75 4.42
75 5.55
77 0.400
77 692
77 718
77 735
77 754
78 1.61
78 657
78 660
78 662
79 0.990
79 573
79 584
79 595
80 174
80 301
80 500
80 504
80 511
80 524
81 2.72
81 4.01
81 623
81 797
81 821
81 848
81 852
82 0.351
82 0.814
82 1139
83 1.07
83 1317
83 1348
83 1365
83 1384
83 17.2
84 1687
84 1866
84 1886
84 1900
84 1917
84 3.03
84 3.84
85 2241
85 4.69
85 5.80
86 0.625
86 0.635
86 2401
86 2415
86 2435
86 2453
87 1.85
87 2738
87 2929
87 2934
87 2953
87 2967
87 4.13
88 2.55
88 3281
88 7.49
89 1.27
89 2.41
89 3468
89 3477
89 3489
89 3505
90 0.383
90 1.91
90 3790
90 3791
90 3793
90 3797
91 1.01
91 1.05
91 3774
91 3776
91 3782
91 3792
92 0.351
92 3764
92 3776
92 3781
92 4.06
93 1.48
93 3.58
93 3764
93 3778
93 3784
93 3810
94 0.653
94 3765
94 3780
94 3780
94 3783
94 4.11
95 0.326
95 2.81
95 3777
95 3777
95 3782
96 2.16
96 2.28
96 3763
96 3776
96 3776
97 15.8
97 3773
97 3775
97 3792
97 3796
97 5.37
98 0.407
98 3786
98 3788
98 3797
98 4.25
99 1.19
99 2.06
99 3777
99 3783
99 3787
99 3795
100 0.374
100 3784
100 3786
100 3793
100 3793
100 3803
100 3.89
101 2.05
101 2.29
101 3783
101 3786
101 3789
102 11.8
102 3782
102 4.07
103 1.69
103 2.01
103 3783
103 3802
104 1.81
104 3794
104 3802
104 4.13
105 2.00
105 3784
105 3786
105 3792
105 3796
105 3799
105 6.60
106 2.17
106 3777
106 3782
107 2.03
107 3782
107 3802
108 10.0
108 1.80
108 3791
108 3802
108 3803
109 10.0
109 3783
109 3810
109 5.68
110 7.49
110 8.63
111 0.657
111 3784
111 3788
111 3788
111 3798
111 3809
111 5.67
112 1.07
112 21.4
112 3088
112 3094
112 3096
112 3214
112 3437
112 3469
112 3474
112 3488
112 3608
113 2651
113 2700
113 2701
113 2701
113 2839
113 3046
113 3.75
113 7.93
114 12.5
114 1870
114 1925
114 1925
114 1926
114 2058
114 2261
114 2317
114 2318
114 2318
114 2451
114 5.45
115 1298
115 14.0
115 1494
115 1557
115 1557
115 1559
115 1670
115 3.73
116 0.308
116 1110
116 1150
116 1154
116 1154
116 14.7
116 720
116 783
116 783
116 784
116 912
117 0.531
117 10.7
117 11.0
117 11.5
117 138
117 347
117 396
117 396
117 397
117 5.02
117 525
118 1.23
118 13.2
118 13.2
118 14.4
118 21.9
118 2.40
118 4.73
119 10.9
119 1.18
119 1.42
119 3.39
119 6.97
119 7.18
119 8.41
120 11.4
120 13.7
120 17.2
120 18.8
120 19.3
120 7.80
121 11.9
121 15.0
121 15.8
121 1.92
121 25.3
121 5.56
122 0.849
122 11.9
122 14.8
122 16.3
122 16.4
122 2.37
122 5.55
123 0.438
123 13.8
123 14.0
123 5.15
123 5.59
123 8.26
123 9.24
124 10.8
124 11.0
124 11.1
124 11.9
124 1.49
124 15.1
124 4.93
125 0.655
125 10.8
125 15.0
125 18.5
125 19.3
125 27.8
125 6.25
126 13.5
126 18.4
126 3.43
126 4.92
126 4.97
126 5.23
126 9.01
127 10.8
127 11.3
127 11.4
127 12.5
127 30.3
127 4.58
127 5.51
128 17.6
128 19.2
128 21.4
128 24.1
128 2.86
128 8.01
128 8.32
129 10.9
129 12.4
129 13.9
129 2.73
129 7.91
129 7.94
129 8.29
130 0.329
130 10.5
130 15.8
130 16.7
130 23.9
130 26.4
130 9.35
131 11.8
131 13.5
131 21.5
131 21.6
131 2.34
131 4.54
132 12.0
132 12.1
132 27.4
132 2.90
132 7.87
132 7.89
132 9.89
133 13.0
133 13.5
133 13.8
133 15.6
133 3.47
133 8.32
134 12.4
134 13.1
134 13.8
134 2.71
134 3.45
134 6.06
134 6.37
135 12.4
135 12.5
135 13.7
135 4.58
135 6.64
135 9.12
135 9.50
136 2.04
136 22.5
136 22.6
136 25.8
136 2.99
136 5.39
136 5.52
137 10.7
137 14.4
137 18.1
137 18.4
137 22.4
137 5.67
137 7.67
138 0.495
138 10.7
138 12.2
138 1.44
138 5.31
138 6.16
138 9.69
139 11.9
139 13.0
139 18.9
139 20.3
139 21.4
139 2.50
140 10.2
140 13.1
140 19.2
140 22.5
140 23.6
140 25.0
140 27.0
140 3.93
141 12.6
141 14.6
141 15.9
141 2.23
141 4.53
141 6.99
141 9.12
142 14.1
142 1.80
142 7.01
142 7.61
142 7.88
142 8.81
143 15.5
143 16.6
143 17.3
143 17.9
143 18.1
143 21.0
143 7.80
143 9.61
144 10.2
144 13.2
144 15.2
144 6.53
144 7.89
145 0.598
145 12.7
145 14.2
145 18.5
145 25.5
145 8.50
145 9.51
146 11.1
146 1.19
146 15.4
146 18.1
146 21.3
146 22.1
147 10.1
147 12.8
147 13.1
147 15.5
147 16.1
147 2.58
147 3.78
147 7.37
148 16.6
148 17.5
148 2.11
148 6.48
148 7.74
148 7.93
148 7.98
149 0.496
149 18.2
149 22.3
149 25.7
149 7.01
149 8.47
149 9.92
150 12.8
150 13.8
150 1.68
150 6.19
150 7.63
150 8.30
150 9.82
151 0.813
151 21.6
151 5.72
151 7.76
152 123
152 18.6
152 24.4
153 10.0
153 11.0
153 11.7
153 16.0
153 19.3
153 22.3
153 2.63
153 5.74
153 7.88
154 12.9
154 16.2
154 4.42
154 8.41
154 8.95
155 16.0
155 4.75
155 5.90
155 6.60
156 122
156 157
156 163
156 232
156 344
156 8.06
157 12.0
157 24.0
157 31.8
157 34.8
157 509
157 688
157 7.75
158 1248
158 1351
160 14.7
160 2172
160 2292
160 2478
160 2491
160 2504
161 16.2
161 2374
161 24.0
161 39.9
161 5.79
162 20.2
162 2122
162 2193
162 23.4
162 34.0
162 37.6
162 37.7
162 6.26
162 7.08
163 12.0
163 16.2
163 22.7
163 25.7
163 26.3
163 3.33
163 43.9
164 10.3
164 10.7
164 16.9
164 17.4
164 19.7
164 22.1
164 2844
164 3053
164 3110
164 8.54
165 22.5
165 23.1
165 23.8
165 24.4
165 2.92
165 3298
165 5.51
165 9.19
166 0.639
166 14.2
166 16.6
166 26.7
166 3793
166 3800
166 9.59
167 11.8
167 12.0
167 16.2
167 30.3
167 32.5
167 33.9
167 35.4
167 3806
167 3822
168 10.2
168 17.4
168 18.2
168 22.6
168 3793
168 3800
168 3815
168 4.77
168 5.87
168 8.08
169 12.0
169 12.9
169 14.0
169 16.1
169 1.70
169 3808
169 3808
169 4.70
169 6.01
170 10.3
170 17.1
170 31.0
170 33.5
170 3799
170 3801
170 3805
170 8.71
171 15.9
171 17.5
171 21.5
171 24.0
171 24.1
171 8.22
172 16.7
172 16.9
172 24.4
172 24.8
172 25.8
172 3801
172 3802
172 3819
172 7.34
172 7.79
173 10.0
173 17.3
173 2.32
173 3.69
173 3791
173 3798
173 3800
173 7.26
173 9.05
174 11.1
174 1.44
174 17.9
174 19.5
174 20.0
174 3796
174 4.73
174 8.65
175 16.3
175 18.1
175 29.3
175 3.60
175 36.2
175 3784
175 3791
175 3805
175 5.54
176 14.6
176 15.4
176 19.8
176 3796
176 3801
176 4.49
176 7.02
176 7.34
177 10.9
177 11.5
177 12.7
177 16.9
177 16.9
177 24.4
177 2.97
177 3790
178 12.5
178 14.1
178 18.5
178 2.70
178 3800
178 3806
179 12.2
179 15.4
179 17.4
179 18.9
179 39.7
179 9.19
180 12.9
180 14.9
180 16.7
180 2.11
180 28.4
180 3822
180 3825
180 7.35
180 8.73
181 14.5
181 14.6
181 16.9
181 2.61
181 3810
181 5.22
181 7.25
181 7.40
182 15.1
182 30.4
182 3828
182 38.3
182 47.3
182 6.32
182 7.62
183 16.1
183 19.8
183 21.6
183 31.2
183 3807
183 3807
183 4.74
183 6.04
184 15.4
184 20.4
184 21.3
184 21.4
184 22.6
184 29.1
184 3814
184 3838
184 5.08
185 10.4
185 11.8
185 15.1
185 19.2
185 27.7
185 9.98
186 15.4
186 18.8
186 21.6
186 25.8
186 33.3
186 3824
186 6.67
186 7.44
187 10.0
187 18.0
187 19.0
187 22.6
187 37.0
187 3862
188 12.2
188 13.5
188 14.4
188 18.1
188 27.6
188 28.6
188 35.3
188 3804
188 3816
188 3827
189 10.9
189 18.3
189 26.8
189 3814
189 43.7
189 44.4
189 6.95
190 11.8
190 14.6
190 17.2
190 27.2
190 3708
190 3745
190 3747
190 3757
190 61.1
190 64.6
190 9.09
191 16.7
191 17.9
191 23.1
191 29.5
191 3563
191 3572
191 3589
191 70.1
191 74.9
191 8.83
192 10.7
192 110
192 11.5
192 3465
192 3470
192 3523
192 54.8
192 9.06
192 91.0
192 9.55
193 11.3
193 12.4
193 20.5
193 33.3
193 3356
193 3374
193 3400
193 3407
193 7.99
193 8.60
194 3274
194 3278
194 3290
194 3298
194 36.3
194 36.6
194 56.3
194 9.48
195 11.8
195 14.9
195 20.2
195 21.3
195 25.9
195 27.4
195 3076
195 3152
195 3166
195 3194
195 9.30
196 10.1
196 12.0
196 13.3
196 20.2
196 2922
196 29.7
196 3046
196 3050
197 14.4
197 15.2
197 15.5
197 17.9
197 19.4
197 2678
197 2692
197 2761
197 2866
197 2896
197 34.8
198 17.7
198 2496
198 2515
198 2551
198 2598
198 31.1
198 35.1
198 36.2
198 3.96
198 53.9
199 21.1
199 21.4
199 21.8
199 23.8
199 2409
199 2431
199 2437
199 2441
199 28.2
199 82.1
200 16.8
200 17.2
200 19.8
200 20.2
200 20.3
200 2272
200 2308
200 2315
200 2342
200 66.6
200 88.8
201 14.2
201 17.6
201 2201
201 2204
201 28.0
201 29.2
201 6.33
201 76.9
201 80.2
202 14.1
202 2094
202 2097
202 2132
202 23.6
202 24.6
202 29.9
202 35.3
202 8.16
203 10.4
203 11.9
203 14.6
203 17.0
203 1860
203 1884
203 1963
203 1999
203 2005
203 27.6
203 7.67
204 13.9
204 15.8
204 1618
204 1662
204 1673
204 1810
204 21.1
204 24.5
204 27.2
204 31.0
204 6.81
205 10.4
205 1438
205 1463
205 1477
205 1505
205 15.8
205 16.5
205 20.3
205 24.0
205 24.0
205 31.1
206 11.1
206 11.6
206 1334
206 1357
206 1365
206 1384
206 14.6
206 15.0
206 17.1
206 20.0
206 28.4
207 1251
207 1256
207 1267
207 1284
207 22.9
207 57.8
207 6.51
207 6.59
207 70.3
207 7.74
208 1170
208 1190
208 12.3
208 19.8
208 20.4
208 22.2
208 23.1
208 4.04
208 43.9
209 1012
209 1016
209 1074
209 25.7
209 27.8
209 32.1
209 39.2
209 40.9
209 880
209 8.93
209 902
209 9.70
210 12.2
210 13.0
210 17.3
210 18.7
210 31.6
210 6.88
210 766
210 767
210 788
210 873
211 10.2
211 14.2
211 21.2
211 27.5
211 5.85
211 628
211 759
212 11.0
212 11.5
212 12.6
212 13.6
212 19.5
212 27.5
212 394
212 404
212 409
212 458
213 18.7
213 224
213 23.3
213 262
213 286
213 28.7
213 3.44
213 9.79
214 111
214 120
214 132
214 13.6
214 16.1
214 169
214 20.2
214 20.8
214 37.8
214 60.6
215 10.5
215 15.1
215 35.0
215 38.5
215 40.0
215 66.8
215 7.42
215 7.44
215 8.00
215 93.3
216 10.1
216 107
216 118
216 16.1
216 40.8
216 4.47
216 5.13
216 6.29
216 6.55
216 9.48
217 11.9
217 13.8
217 155
217 155
217 19.5
217 26.7
217 30.3
217 40.3
217 42.3
217 42.5
217 7.51
218 10.4
218 11.1
218 134
218 136
218 15.7
218 17.3
218 19.5
218 19.8
218 24.2
218 8.62
219 10.2
219 114
219 15.6
219 15.8
219 18.9
219 21.0
219 21.5
219 24.7
219 46.7
220 14.1
220 16.6
220 18.5
220 20.4
220 22.4
220 23.9
220 28.9
220 78.4
220 87.6
221 11.9
221 19.0
221 21.1
221 21.7
221 21.7
221 22.6
221 25.0
221 42.4
221 7.09
221 87.0
221 92.7
222 10.7
222 108
222 120
222 14.9
222 15.9
222 19.4
222 19.7
222 20.4
222 21.3
223 16.6
223 19.8
223 21.6
223 22.1
223 22.8
223 29.2
223 4.47
223 76.3
223 94.4
224 10.5
224 106
224 109
224 17.5
224 23.9
224 26.5
224 28.2
224 30.7
224 5.98
224 8.16
225 14.4
225 16.0
225 21.0
225 46.5
225 52.7
225 67.8
225 7.07
225 9.97
226 10.0
226 10.8
226 109
226 16.6
226 18.4
226 19.2
226 23.8
226 3.29
226 97.2
227 14.9
227 23.3
227 25.0
227 26.5
227 28.5
227 3.13
227 4.36
227 59.0
227 63.3
227 8.44
228 10.0
228 10.7
228 11.5
228 11.8
228 17.2
228 20.7
228 21.7
228 24.7
228 7.77
229 11.0
229 11.4
229 16.7
229 19.4
229 28.9
230 679
231 707
231 787
231 792
231 799
231 824
231 828
231 874
231 905
231 919
232 14.0
232 170
232 201
232 25.0
232 292
232 46.7
232 552
232 5.70
232 601
232 8.25
233 100
233 14.3
233 15.7
233 16.6
233 18.3
233 2.63
233 78.9
233 80.6
233 8.72
234 104
234 11.1
234 12.6
234 15.5
234 18.8
234 35.3
234 4.11
234 72.4
234 74.7
235 11.9
235 20.5
235 24.6
235 25.3
235 30.0
235 319
235 370
235 491
235 491
235 8.57
236 440
236 526
236 577
236 665
237 1112
237 1112
237 399
237 403
237 686
237 693
237 727
237 881
238 1008
238 1119
238 123
238 220
238 967
238 986
239 1019
239 1067
239 1078
239 1095
239 1150
239 1174
239 1188
239 13.4
239 4.22
239 5.02
239 6.94
240 12.5
240 1362
240 1394
240 1429
240 1430
240 1452
240 1531
240 25.6
240 25.8
240 52.2
241 14.8
241 1637
241 1665
241 1925
241 33.3
241 33.7
241 36.9
241 5.39
242 1772
242 1790
242 1850
242 1948
242 2100
242 2189
242 34.7
242 50.7
243 10.8
243 2020
243 2083
243 2122
243 2564
243 2671
243 2794
243 28.1
243 36.4
243 46.0
244 18.1
244 19.4
244 22.0
244 2348
244 2794
244 30.3
244 36.8
245 10.8
245 2510
245 2517
245 25.4
245 3285
245 57.7
245 71.5
246 10.5
246 2792
246 2793
246 2826
246 2868
246 29.1
246 3708
246 3831
246 40.8
246 62.8
247 10.1
247 3021
247 30.7
247 3218
247 3267
247 3814
247 3822
247 3830
247 3836
247 52.1
247 59.1
248 17.3
248 21.6
248 24.0
248 28.1
248 3382
248 3427
248 3520
248 3525
248 3819
248 3844
249 12.9
249 13.3
249 15.6
249 3581
249 3720
249 3727
249 3816
249 3820
249 42.0
249 53.8
250 3760
250 3790
250 3792
250 3804
250 3809
250 3830
250 3830
250 68.8
250 69.4
250 73.4
250 74.9
251 24.4
251 3772
251 3778
251 3788
251 3810
251 3814
251 44.7
251 45.1
251 47.5
251 7.16
252 10.4
252 14.1
252 17.6
252 3731
252 3783
252 3797
252 3825
252 9.10
252 93.7
253 13.5
253 3785
253 3788
253 3788
253 3796
253 3811
253 3820
253 59.9
254 31.1
254 3767
254 3806
254 3823
254 3833
255 26.4
255 3787
255 3807
255 3818
255 3836
255 52.4
256 17.0
256 3795
256 3831
256 3840
256 3841
256 3846
256 8.86
257 24.8
257 26.8
257 3759
257 3769
257 3842
257 3853
257 65.2
258 11.3
258 3762
258 3779
258 3795
259 22.1
259 3763
259 3773
259 3777
260 32.8
260 32.8
260 34.0
260 35.8
260 3779
260 3788
260 3796
261 20.7
261 22.8
261 22.8
261 23.2
261 3704
261 3718
261 3750
261 3757
261 3760
261 3761
261 3843
261 3850
262 31.6
262 32.5
262 33.6
262 3700
262 3721
262 3721
262 3745
262 4.87
262 5.41
263 19.6
263 3669
263 3676
263 3689
263 3735
263 3767
263 3779
263 3801
263 3820
263 50.9
264 15.4
264 16.3
264 17.2
264 17.6
264 3360
264 3375
264 3477
264 3619
264 3631
264 3714
264 3737
264 3743
265 12.5
265 15.1
265 17.2
265 3122
265 3138
265 3153
265 3220
265 3741
265 3758
265 3766
265 3774
266 10.0
266 116
266 2846
266 2962
266 2975
266 3030
266 3040
266 3736
266 3782
266 87.4
266 9.61
266 9.88
267 2541
267 2599
267 2743
267 2747
267 3.73
267 3761
267 3772
267 3774
267 3777
267 3790
267 4.17
267 66.1
267 86.7
268 2370
268 2431
268 2532
268 3789
268 69.9
269 2084
269 2112
269 2245
269 23.3
269 29.7
269 30.5
269 31.4
269 3760
269 66.7
270 13.3
270 13.8
270 1717
270 1864
270 1875
270 1931
270 26.6
270 3765
270 3829
270 3840
271 103
271 1449
271 15.6
271 1616
271 1625
271 16.5
271 49.7
271 8.85
272 1175
272 1253
272 17.4
272 24.8
272 27.2
272 30.6
272 3741
272 3764
272 3808
273 36.6
273 37.1
273 3776
273 3806
273 3817
273 878
273 910
273 923
274 18.1
274 26.3
274 354
274 3776
274 3782
274 3793
274 40.5
274 40.7
274 41.9
274 466
274 476
274 615
274 625
275 10.2
275 169
275 211
275 23.8
275 240
275 24.2
275 3773
275 3805
275 3815
275 3835
275 45.2
275 79.3
276 103
276 3778
276 78.9
276 80.9
276 9.18
276 96.9
277 139
277 148
277 17.0
277 18.0
277 33.0
277 35.9
277 3753
277 3759
277 3814
277 3816
277 44.1
278 16.6
278 32.6
278 34.1
278 36.6
278 3783
278 3792
278 50.3
279 13.0
279 17.8
279 17.8
279 24.3
279 25.0
279 36.9
279 3718
279 3771
279 6.80
279 8.29
280 23.9
280 25.2
280 30.5
280 33.7
280 34.3
280 3740
280 3810
280 3819
280 39.8
280 40.3
280 41.5
280 99.3
281 11.4
281 13.6
281 14.5
281 17.9
281 29.2
281 37.5
281 3815
282 142
282 15.4
282 17.7
282 19.2
282 19.9
282 3794
282 3823
282 3838
282 68.5
283 16.4
283 3773
283 3817
283 70.5
284 13.0
284 15.0
284 26.3
284 266
284 3741
284 3763
284 3768
284 3769
284 3791
284 3808
284 65.4
284 81.8
285 21.7
285 24.7
285 27.4
285 30.5
285 3697
285 3722
285 3772
285 3776
285 51.4
286 164
286 29.4
286 35.2
286 35.2
286 3707
286 3733
286 3742
287 105
287 11.0
287 23.3
287 24.4
287 2867
287 2957
287 32.9
287 33.7
287 3475
287 35.8
288 13.2
288 2275
288 2318
288 2542
288 2658
288 2687
288 37.3
289 12.7
289 16.8
289 18.4
289 1849
289 18.5
289 1852
289 1856
289 1895
289 1911
289 22.1
289 2282
289 43.6
290 1225
290 1228
290 1242
290 1393
290 14.4
290 1536
290 1546
290 31.7
290 35.4
290 35.5
290 57.4
290 6.36
290 6.93
291 1001
291 1031
291 1121
291 1132
291 1148
291 12.5
291 14.6
291 22.3
291 22.6
291 32.6
291 50.2
291 75.0
291 910
291 923
291 997
292 24.2
292 27.4
292 28.8
292 31.1
292 50.8
292 52.9
292 683
292 6.93
292 787
292 792
293 13.6
293 13.6
293 25.3
293 365
293 471
293 471
293 48.0
293 531
293 59.0
293 8.94
294 17.2
294 21.7
294 246
294 273
294 27.7
294 298
294 50.1
294 7.82
294 89.5
294 93.9
295 13.3
295 15.8
295 16.3
295 17.8
295 34.1
295 44.9
295 46.2
295 61.1
295 76.2
295 90.4
296 10.4
296 15.1
296 17.8
296 27.1
296 27.6
296 61.8
296 76.6
296 76.9
296 78.4
297 13.8
297 15.6
297 18.8
297 21.5
297 26.0
297 34.6
297 43.6
297 46.8
298 16.1
298 20.3
298 25.9
298 36.1
298 41.3
298 47.9
298 48.8
298 57.3
299 15.3
299 17.7
299 19.2
299 19.6
299 25.1
299 27.2
299 31.6
299 34.9
299 53.3
299 9.65
299 9.82
300 11.4
300 12.2
300 15.3
300 15.6
300 19.5
300 33.8
300 34.6
300 40.8
300 70.2
300 76.1
300 79.4
301 12.3
301 16.7
301 23.6
301 28.1
301 30.6
301 42.4
301 48.8
301 54.1
301 54.7
301 57.6
301 58.5
301 88.1
302 23.0
302 23.4
302 23.4
302 26.3
302 27.7
302 28.5
302 32.4
302 32.7
302 41.7
302 43.2
302 7.39
303 14.0
303 18.1
303 22.1
303 28.7
304 22.4
304 62.0
304 7.63
304 77.8
304 83.1
304 83.6
304 88.2
304 89.1
304 89.4
305 11.0
305 13.8
305 14.2
305 17.4
305 30.0
305 33.6
305 36.6
305 41.5
305 45.4
305 8.17
306 13.1
306 19.6
306 20.0
306 24.8
306 27.8
306 28.6
306 29.4
306 30.9
306 33.0
306 8.18
307 17.1
307 19.8
307 20.2
307 24.3
307 24.7
307 31.6
307 34.5
307 38.2
308 10.8
308 12.3
308 18.1
308 18.6
308 18.7
308 28.0
308 34.2
308 91.6
309 10.4
309 12.2
309 20.6
309 23.1
309 39.0
309 45.8
309 48.9
309 5.41
309 63.7
309 65.2
309 71.7
310 13.0
310 153
310 15.9
310 17.2
310 21.1
310 21.6
310 24.8
310 25.6
310 70.9
311 12.9
311 14.2
311 25.1
311 25.3
311 29.7
311 33.3
311 37.9
311 43.9
311 7.43
312 117
312 17.7
312 20.3
312 22.6
312 36.3
312 39.1
312 41.9
312 42.0
312 42.7
312 43.8
312 54.3
312 54.4
312 8.77
313 12.0
313 14.7
313 16.2
313 16.7
313 18.3
313 18.4
313 18.5
313 19.9
313 20.6
313 23.8
313 41.7
313 59.4
313 9.27
314 11.0
314 13.6
314 16.2
314 39.5
314 76.6
314 76.9
314 79.9
314 92.1
314 92.3
315 16.6
315 23.1
315 24.0
315 44.4
315 57.5
315 62.2
316 11.4
316 16.4
316 16.9
316 17.7
316 20.3
316 21.0
316 24.6
316 25.4
316 43.9
316 59.3
317 15.3
317 26.5
317 45.2
