0 10.8
0 20.6
0 44.1
0 6.70
1 10.9
1 19.1
1 25.3
1 26.6
1 7.43
1 8.35
1 8.48
2 11.3
2 15.8
2 20.0
2 21.0
2 2.99
2 3.42
2 4.63
3 12.1
3 1.45
3 1.98
3 30.2
3 5.25
3 6.80
3 8.00
4 13.3
4 15.9
4 16.4
4 5.02
4 6.82
4 7.29
4 8.70
5 14.2
5 18.1
5 2.12
5 21.3
5 3.49
5 6.25
5 9.53
6 10.5
6 11.5
6 14.2
6 15.7
6 36.9
7 14.6
7 18.9
7 2.96
7 3.79
7 4.11
7 6.47
7 9.32
8 1.05
8 16.6
8 25.0
8 38.1
8 4.35
8 6.16
8 9.02
9 11.6
9 1.30
9 14.3
9 2.66
9 5.18
9 5.71
9 6.46
10 12.0
10 12.7
10 1.40
10 15.5
10 2.03
10 24.6
10 7.92
11 1.30
11 24.2
11 2.56
11 29.1
11 3.55
11 4.29
11 5.33
12 16.6
12 21.6
12 26.1
12 3.04
12 3.53
12 5.04
12 7.01
13 11.6
13 19.8
13 29.2
13 4.05
13 6.99
13 7.53
14 17.9
14 2.05
14 3.23
14 4.22
14 5.01
14 5.60
15 1.04
15 14.0
15 17.1
15 19.8
15 4.03
15 4.65
15 4.90
16 10.9
16 11.5
16 16.3
16 21.7
16 4.50
16 7.43
16 8.28
17 1.65
17 17.2
17 26.0
17 35.8
17 3.80
17 7.15
17 8.06
18 12.2
18 13.5
18 20.0
18 2.62
18 3.57
18 6.29
18 9.27
19 16.9
19 25.1
19 25.8
19 2.99
19 3.63
19 3.99
19 9.06
20 10.3
20 31.9
20 36.0
20 4.41
20 6.04
20 8.03
21 10.8
21 17.5
21 28.0
21 2.85
21 29.4
21 8.92
22 14.5
22 16.5
22 20.4
22 2.28
22 2.65
22 3.90
23 18.7
23 2.09
23 21.3
23 2.14
23 23.4
23 26.0
23 5.26
24 11.0
24 14.8
24 22.7
24 24.3
24 4.27
24 6.86
24 7.44
25 23.0
25 2.31
25 24.4
25 32.2
25 42.3
25 5.05
25 6.56
26 12.7
26 20.3
26 24.8
26 26.2
26 3.14
26 33.3
26 6.44
27 1.41
27 14.9
27 15.7
27 2.43
27 4.00
27 6.92
27 8.04
28 0.476
28 0.841
28 10.2
28 13.0
28 27.8
28 35.5
28 9.80
29 1.79
29 2.01
29 21.5
29 24.8
29 2.67
29 28.7
29 7.61
30 1.37
30 24.9
30 31.8
30 5.10
30 5.44
30 6.32
31 12.7
31 17.0
31 17.7
31 18.9
31 1.95
31 4.19
31 5.12
32 19.3
32 30.6
32 3.17
32 3.25
32 3.67
32 8.17
32 9.19
33 0.341
33 16.5
33 18.1
33 2.41
33 29.1
33 3.54
33 3.88
34 12.9
34 1.74
34 2.69
34 5.07
34 6.60
34 6.81
34 9.49
35 1.66
35 20.6
35 21.6
35 2.68
35 3.37
35 3.50
35 41.2
36 0.925
36 10.7
36 10.9
36 2.15
36 28.9
36 4.44
36 9.16
37 14.2
37 14.6
37 24.0
37 30.5
37 35.9
37 5.80
37 8.39
38 10.1
38 13.1
38 13.7
38 16.9
38 25.4
38 4.26
39 13.6
39 14.6
39 2.04
39 21.5
39 5.29
39 7.59
39 9.58
40 10.2
40 10.7
40 18.4
40 28.5
40 41.5
40 7.10
40 7.25
41 10.1
41 14.5
41 2.78
41 3.18
41 3.24
41 4.82
41 8.76
42 16.5
42 17.1
42 2.48
42 28.1
42 31.2
42 5.66
42 7.49
43 12.1
43 15.6
43 18.2
43 3.99
43 4.63
43 5.80
43 8.25
44 14.9
44 29.6
44 3.02
44 6.39
44 8.68
44 9.91
44 9.95
45 10.4
45 13.2
45 33.7
45 5.38
45 5.59
45 6.05
46 17.6
46 19.5
46 19.7
46 20.8
46 21.6
46 22.5
47 10.3
47 1.67
47 20.9
47 22.2
47 6.67
47 7.12
48 0.786
48 0.846
48 1.09
48 18.2
48 2.56
48 4.26
48 4.71
49 1.76
49 20.3
49 22.1
49 28.6
49 4.09
49 5.85
49 8.30
50 10.1
50 11.1
50 14.6
50 3.62
50 6.07
50 6.37
50 7.57
51 10.5
51 10.6
51 12.0
51 16.0
51 4.63
51 5.65
51 8.73
52 12.0
52 18.2
52 2.10
52 3.41
52 5.95
52 8.60
52 9.68
53 21.7
53 2.87
53 31.4
53 32.6
53 3.45
53 5.68
53 7.77
54 14.4
54 17.6
54 20.9
54 21.6
54 25.9
54 40.3
54 7.80
55 10.7
55 12.1
55 14.0
55 16.9
55 22.6
55 23.7
55 7.57
56 0.661
56 10.5
56 15.9
56 22.9
56 2.37
56 25.2
56 4.99
57 0.972
57 13.6
57 23.1
57 2.44
57 4.23
57 5.54
57 9.90
58 13.1
58 17.7
58 22.0
58 2.33
58 28.7
58 4.58
58 6.79
59 12.1
59 17.5
59 23.1
59 23.7
59 31.0
59 5.11
59 5.71
60 10.5
60 13.3
60 2.09
60 3.47
60 3.58
60 6.45
60 6.73
61 11.6
61 13.6
61 14.5
61 14.5
61 6.84
61 8.09
61 9.61
62 10.4
62 1.38
62 2.12
62 2.26
62 2.91
62 3.98
62 6.17
63 10.3
63 28.5
63 3.13
63 33.6
63 3.85
63 6.88
63 8.28
64 13.2
64 17.0
64 17.8
64 18.7
64 19.4
64 4.46
64 4.98
65 11.7
65 1.26
65 17.8
65 2.23
65 3.60
65 4.31
65 7.14
66 13.1
66 1.88
66 2.01
66 23.2
66 4.05
66 9.62
67 11.8
67 14.9
67 15.2
67 1.78
67 18.5
67 23.1
67 6.98
68 0.407
68 1.57
68 16.9
68 19.8
68 3.47
68 5.74
68 7.41
69 10.3
69 2.40
69 2.53
69 41.9
69 5.03
69 9.41
70 0.641
70 16.6
70 2.02
70 24.7
70 31.5
70 5.05
70 7.21
71 11.1
71 17.4
71 19.1
71 2.51
71 2.57
71 3.47
71 4.24
72 11.3
72 14.1
72 16.7
72 3.05
72 6.76
72 6.91
72 7.09
73 17.2
73 22.6
73 3.82
73 3.93
73 5.58
73 7.09
73 7.66
74 11.5
74 12.7
74 17.6
74 21.1
74 2.33
74 3.82
74 7.84
75 11.6
75 13.1
75 13.4
75 16.2
75 2.06
75 28.3
75 28.3
77 1073
77 906
77 948
77 984
78 226
78 2.38
78 785
78 792
78 799
79 2.58
79 718
79 737
79 748
80 2.97
80 659
80 667
80 674
80 677
80 7.04
81 2.00
81 2.20
81 754
81 790
81 825
81 895
82 1048
82 18.9
82 6.91
83 0.972
83 1333
83 1372
83 1375
83 1448
83 1621
83 2.73
84 1908
84 1937
84 1969
84 2031
84 3.73
84 6.31
85 1.60
85 2193
85 6.91
86 12.6
86 15.1
86 2444
86 2475
86 2493
86 2584
86 2737
87 1.23
87 14.1
87 3018
87 3050
87 3069
88 3158
88 3309
88 3.52
88 5.99
89 0.555
89 1.04
89 3618
89 3639
90 1.47
90 1.79
90 3842
90 4128
90 4170
90 4188
91 4269
91 4416
91 5.99
91 8.51
92 2.05
92 4695
92 4756
92 4774
92 4836
92 5.19
93 3.90
93 4972
93 5244
93 8.07
94 5.17
94 5251
94 5283
94 5375
94 5488
94 6.51
95 2.71
95 3.31
95 5760
95 5782
95 5794
95 5885
96 2.08
96 2.62
96 6021
97 0.895
97 6312
97 6313
97 6347
97 6.35
97 6442
97 6580
98 0.757
98 0.852
98 6894
98 6901
98 6907
99 1.64
99 5.38
99 7019
99 7134
100 2.18
100 3.07
100 7433
100 7459
101 0.435
101 5.14
101 7460
101 7463
101 7465
102 3.11
102 7472
102 7.76
103 11.1
103 2.03
103 7478
103 7515
104 1.55
104 2.43
104 7461
104 7474
105 18.2
105 21.0
105 7488
105 7516
105 7518
106 1.25
106 3.66
106 7521
106 7524
107 0.643
107 15.4
108 3.62
108 3.73
108 7526
109 1.76
109 4.16
109 7500
109 7526
109 7537
110 0.658
110 3.31
110 7492
110 7492
110 7494
111 2.35
112 0.506
112 3.11
112 7489
112 7515
112 7521
113 3.76
113 4.06
113 7509
113 7521
113 7522
114 0.913
114 15.9
114 7523
115 1.11
115 2.82
115 7494
115 7499
115 7503
116 3.37
116 7492
116 7523
116 9.28
117 1.24
117 3.77
117 7517
118 1.94
118 4.67
118 6896
118 6942
118 7288
118 7298
119 0.496
119 2.15
119 6416
119 6556
119 6563
120 12.5
120 5743
120 5759
120 5783
120 6034
120 6126
120 6158
120 7.38
121 13.1
121 5339
121 5352
121 5378
121 9.25
122 2.08
122 3.98
122 4589
122 4601
122 4609
122 4611
122 4618
122 4858
122 4964
123 0.645
123 3.75
123 4541
123 4544
123 4558
123 4561
123 4574
124 1.63
124 3.49
124 4506
124 4509
124 4515
124 4516
124 4519
125 0.496
125 4.41
125 4470
125 4473
125 4473
125 4475
125 4477
126 3.27
126 4432
126 4433
126 4443
126 4444
126 4447
126 4.78
127 1.89
127 4395
127 4402
127 4406
127 4410
127 4412
127 8.21
128 2.39
128 3.87
128 4354
128 4362
128 4364
128 4367
128 4369
129 0.541
129 10.9
129 4299
129 4315
129 4318
129 4320
129 4321
130 2.98
130 3.95
130 4270
130 4273
130 4276
130 4284
130 4285
131 1.30
131 4.21
131 4238
131 4243
131 4245
131 4249
131 4253
132 2.49
132 4180
132 4202
132 4205
132 4207
132 4214
133 4124
133 4134
133 4142
133 4143
133 4147
133 9.31
134 0.503
134 4075
134 4081
134 4082
134 4084
134 4085
134 6.60
135 2.33
135 4048
135 4048
135 4052
135 4052
135 4058
135 7.85
136 3.55
136 4015
136 4019
136 4021
136 4022
136 4023
136 4.65
137 0.810
137 3917
137 3958
137 3962
137 3969
137 3979
137 4.09
138 12.9
138 3909
138 3926
138 3932
138 3935
138 3.95
139 1.76
139 3861
139 3899
139 3900
139 3907
139 8.66
140 1.83
140 3831
140 3840
140 3845
140 3862
140 3865
140 3869
140 5.64
141 12.2
141 1.61
141 3780
141 3784
141 3789
141 3793
141 3825
141 3834
141 3834
142 11.2
142 3725
142 3733
142 3742
142 3752
142 3781
142 8.30
143 3.52
143 3697
143 3699
143 3705
143 3716
143 3725
143 5.88
144 3675
144 3677
144 3681
144 3683
144 3691
144 6.74
144 7.45
145 3632
145 3640
145 3653
145 5.55
146 11.2
146 3572
146 3581
146 3588
146 3591
146 3617
146 5.30
147 3517
147 3523
147 3524
147 3531
147 3541
147 3572
147 8.85
148 14.6
148 3485
148 3492
148 3492
148 3497
148 3503
148 5.02
149 3.29
149 3.36
149 3447
149 3453
149 3462
149 3463
149 3476
150 16.1
150 1.87
150 3409
150 3413
150 3413
150 3413
150 3414
151 10.8
151 3382
151 3384
151 3385
151 3388
151 3388
151 4.11
152 2.62
153 20.5
153 3168
153 3359
153 3359
153 3383
153 3451
153 3937
153 4118
153 4118
153 4141
153 4217
153 814
154 1.96
154 3037
154 3094
154 3112
154 3112
154 3184
155 0.747
155 3127
155 3162
155 3164
155 3174
155 3174
156 21.2
156 24.0
156 3082
156 3088
156 3088
156 3091
156 8.10
157 102
157 11.1
157 115
157 18.9
157 2861
157 2913
157 2915
157 2928
157 2928
157 2938
158 2719
158 2733
158 2734
158 2737
158 2824
158 2865
158 2874
158 7.66
158 8.20
158 8.28
159 1.86
159 2638
159 2723
159 326
160 11.2
160 2415
160 2423
160 2423
160 2455
160 2584
160 311
160 322
160 408
160 6.12
161 2119
161 2197
161 2229
161 432
161 451
161 476
161 4.97
161 5.72
162 1745
162 1749
162 1886
162 1931
162 1956
162 1962
162 3.49
162 618
162 620
163 1548
163 1583
163 1698
163 1732
163 25.8
163 686
163 688
163 6.99
163 736
164 1286
164 1377
164 1499
164 1.75
164 4.07
164 704
164 712
164 713
165 1118
165 1131
165 1140
165 1154
165 11.8
165 5.78
165 761
165 787
165 870
165 872
166 17.0
166 2.10
166 701
166 875
166 877
166 883
166 910
166 940
166 999
166 999
167 1068
167 527
167 539
167 6.49
167 698
167 699
167 7.70
168 1112
168 1113
168 1203
168 1203
168 318
168 336
168 339
168 345
168 346
168 36.3
168 512
168 5.17
169 1246
169 1247
169 12.6
169 1360
169 211
169 242
169 245
169 248
169 9.36
170 111
170 132
170 1365
170 142
170 1437
170 1438
170 152
170 158
170 3.04
170 4.58
171 0.801
171 14.7
171 1555
171 1570
171 1644
171 1644
171 28.3
171 45.2
171 7.91
172 1733
172 2.37
172 26.8
172 28.6
172 28.8
172 36.5
172 40.1
172 5.16
173 18.6
173 1862
173 1877
173 1933
173 1934
173 24.6
173 26.3
173 36.6
173 5.02
174 10.1
174 2043
174 2055
174 24.1
174 26.6
174 28.5
174 35.1
174 5.54
174 7.13
175 11.8
175 15.9
175 2107
175 2107
175 2198
175 2219
175 24.1
175 6.90
175 9.03
175 9.91
176 11.1
176 17.3
176 19.9
176 2.20
176 2262
176 2263
176 23.7
176 27.2
176 27.5
177 14.5
177 1.86
177 23.3
177 2341
177 2367
177 30.9
177 36.9
177 7.22
178 18.0
178 21.1
178 2492
178 2503
178 2577
178 2579
178 38.3
178 63.3
178 6.87
179 19.5
179 2708
179 2740
179 2744
179 29.4
179 32.4
179 38.1
180 12.6
180 20.5
180 26.6
180 28.0
180 2864
180 2896
180 2896
180 8.96
181 11.0
181 11.1
181 13.8
181 18.3
181 2989
181 3002
181 6.91
181 6.92
181 9.82
182 14.9
182 16.2
182 17.3
182 26.7
182 27.0
182 3002
182 3014
182 3021
182 3021
182 31.9
182 32.5
183 19.6
183 27.4
183 3092
183 3112
183 3113
183 3117
183 32.5
183 32.8
183 34.4
183 38.3
184 100
184 19.6
184 3160
184 3162
184 3291
184 44.1
184 53.0
184 63.4
184 72.4
184 82.7
185 136
185 138
185 146
185 3317
185 3390
185 3391
185 34.9
185 57.9
186 145
186 157
186 179
186 21.8
186 26.3
186 3544
186 3571
186 3614
186 3615
187 212
187 220
187 224
187 237
187 33.3
187 3715
187 3741
187 3745
188 15.8
188 274
188 283
188 284
188 289
188 304
188 3653
188 3653
188 3667
188 3671
189 17.7
189 285
189 289
189 297
189 300
189 314
189 3537
189 3538
189 3564
190 29.7
190 330
190 3357
190 3418
190 3421
190 357
190 370
190 371
190 9.51
191 16.6
191 3192
191 3248
191 3280
191 332
191 340
191 355
191 8.39
192 29.3
192 3001
192 3018
192 3122
192 3122
192 332
192 332
192 358
192 58.1
193 255
193 268
193 2802
193 2866
193 2949
193 2954
193 30.0
193 33.9
194 113
194 11.4
194 121
194 149
194 153
194 2611
194 2679
194 6.43
195 141
195 148
195 156
195 164
195 20.4
195 2501
195 2507
195 2522
195 2525
195 9.47
196 191
196 196
196 199
196 207
196 2136
196 2160
196 22.2
196 2242
196 2248
196 2305
196 2346
196 34.6
197 16.6
197 2029
197 2080
197 2091
197 231
197 232
197 240
197 251
197 65.8
198 1805
198 1810
198 1829
198 1945
198 211
198 212
198 224
198 227
198 30.2
198 31.8
199 128
199 141
199 162
199 1712
199 1774
199 29.3
199 33.5
200 1588
200 1610
200 1618
200 1629
200 215
200 217
200 218
200 219
200 247
200 27.3
200 29.1
201 101
201 108
201 12.8
201 1425
201 1434
201 1436
201 1464
201 30.2
201 72.8
201 99.5
202 1124
202 1147
202 1257
202 1268
202 1381
202 14.0
202 26.1
202 79.3
202 81.0
202 87.9
203 108
203 1103
203 18.3
203 20.7
203 85.0
203 94.1
203 948
203 992
203 99.7
204 106
204 109
204 130
204 20.1
204 3.69
204 818
204 880
204 930
205 138
205 147
205 150
205 26.6
205 697
205 709
205 743
206 177
206 187
206 19.4
206 197
206 205
206 32.0
206 591
206 608
206 618
207 186
207 189
207 196
207 199
207 203
207 26.5
207 28.2
207 513
207 515
207 539
207 548
208 201
208 203
208 206
208 212
208 214
208 4.28
208 442
208 444
208 466
208 476
208 64.1
209 100
209 221
209 223
209 224
209 22.9
209 297
209 347
209 9.17
210 11.0
210 11.6
210 196
210 225
210 239
210 241
210 28.7
210 33.5
210 34.9
210 7.02
211 11.7
211 17.0
211 256
211 261
211 266
211 274
211 6.84
211 8.29
211 8.40
212 261
212 30.7
212 328
212 333
212 357
212 46.2
212 60.7
212 6.83
213 19.7
213 22.7
213 27.0
213 28.4
213 28.7
213 357
213 364
214 14.0
214 17.8
214 24.9
214 25.7
214 34.1
214 36.9
214 387
214 397
214 399
215 19.7
215 28.2
215 30.1
215 34.4
215 389
215 413
215 415
215 432
215 5.32
216 15.0
216 18.1
216 19.5
216 399
216 407
216 411
216 430
217 25.8
217 27.2
217 30.8
217 377
217 385
217 386
217 415
217 422
217 444
218 13.1
218 14.5
218 18.8
218 18.9
218 37.7
218 401
218 404
218 407
218 418
219 12.3
219 13.6
219 27.3
219 390
219 392
219 405
219 421
219 438
219 6.35
220 15.9
220 16.0
220 195
220 198
220 20.6
220 29.3
220 31.1
220 3.20
220 394
220 73.9
221 11.0
221 13.3
221 14.7
221 15.6
221 17.8
221 18.8
221 29.9
221 33.5
222 19.0
222 20.1
222 21.5
222 22.0
222 23.3
222 53.8
222 60.0
222 60.6
222 69.2
223 136
223 140
223 146
223 147
223 148
223 14.8
223 19.7
223 29.8
223 31.8
223 8.64
224 0.853
224 14.9
224 165
224 171
224 178
224 26.8
224 31.8
224 38.4
224 8.32
225 14.4
225 19.0
225 195
225 196
225 210
225 219
225 26.8
225 27.2
225 39.9
225 8.43
226 19.1
226 21.7
226 224
226 23.7
226 25.3
226 279
226 293
226 313
226 313
226 36.2
226 9.56
227 10.3
227 12.0
227 13.3
227 21.8
227 279
227 289
227 290
227 293
227 294
227 34.2
227 8.74
228 19.3
228 23.3
228 238
228 248
228 250
228 265
228 27.2
228 293
228 32.1
228 8.88
229 15.4
229 16.3
229 170
229 171
229 189
229 203
229 206
229 25.4
229 27.1
229 30.3
232 2417
232 2430
233 1401
233 1401
233 1783
233 1935
233 1987
233 2014
233 2030
233 2030
233 2452
233 2453
234 1091
234 1397
234 1400
234 1402
234 576
234 582
234 592
234 596
234 668
234 888
234 901
235 11.8
235 1312
235 1393
235 1401
235 32.0
235 799
235 838
236 1001
236 1027
236 1043
236 1185
236 1224
236 1225
236 1261
236 1317
236 29.8
236 74.0
236 78.2
236 970
237 1088
237 1095
237 1097
237 1179
237 1206
237 1232
237 1255
237 1283
237 1306
237 65.4
237 67.7
237 72.3
237 90.9
238 1365
238 1459
238 1555
238 54.4
238 66.2
238 81.9
238 83.3
238 882
238 906
238 920
239 110
239 122
239 722
239 724
239 736
239 744
240 1776
240 1778
240 1778
240 1944
240 312
240 348
240 460
240 78.8
240 96.8
241 109
241 129
241 16.9
241 1986
241 2000
241 2008
241 2033
241 236
241 65.0
241 88.3
242 2115
242 2209
242 2222
242 2223
242 2225
242 29.6
242 32.5
242 43.9
242 69.0
242 81.2
243 113
243 127
243 155
243 2234
243 2260
243 2265
243 2280
243 2289
243 22.9
243 2336
243 71.1
243 75.5
244 179
244 183
244 2144
244 2190
244 228
244 242
244 34.5
244 38.3
244 49.8
245 210
245 214
245 2288
245 2346
245 2412
245 248
245 259
245 30.2
246 168
246 19.8
246 20.8
246 2600
246 2670
246 40.7
247 18.0
247 240
247 243
247 2794
247 2807
247 2834
247 2835
247 36.7
247 37.8
248 105
248 2979
248 3116
248 45.4
248 76.3
249 23.9
249 3208
249 3224
249 3234
249 3238
249 3280
249 36.0
249 54.6
249 56.0
249 74.1
250 32.9
250 33.2
250 3467
250 3496
250 3509
250 46.9
250 47.3
250 50.5
251 34.2
251 40.3
251 40.4
251 54.9
251 59.4
251 81.3
252 13.8
252 16.5
252 33.0
252 36.4
252 3703
252 3721
252 3722
252 48.3
252 57.4
253 30.5
253 31.9
253 33.4
253 3893
253 3943
253 3946
253 55.7
254 117
254 28.6
254 32.7
254 32.9
254 4093
254 4129
254 4151
254 4154
254 4157
254 56.0
255 21.8
255 23.8
255 4182
255 4215
255 4219
255 45.9
255 70.2
255 70.4
255 71.6
256 100
256 40.2
256 4329
256 4434
256 4457
256 7.41
256 7.51
256 75.2
257 143
257 23.8
257 41.8
257 4421
257 4430
258 108
258 13.5
258 43.2
258 4555
258 4592
258 78.7
258 87.2
259 102
259 4612
259 55.7
259 92.4
260 14.7
260 4842
260 61.0
260 62.7
260 65.7
261 111
261 29.5
261 33.2
261 5018
261 5032
261 5032
261 51.0
262 100
262 22.0
262 28.9
262 38.0
262 51.8
262 5276
262 77.1
262 90.2
263 22.3
263 25.7
263 37.2
263 47.0
264 120
264 128
264 137
264 26.4
264 28.7
264 5335
264 5385
264 5462
264 5509
264 88.1
265 17.0
265 30.2
265 35.1
265 5290
265 5379
265 5428
265 73.0
265 75.6
266 19.2
266 27.6
266 36.3
266 5432
267 17.2
267 192
267 197
267 23.5
267 45.2
267 53.7
267 5470
267 5500
267 5636
267 5651
268 253
268 262
268 273
268 43.4
268 5688
268 5695
268 5698
268 5717
268 63.6
268 72.4
269 13.5
269 20.4
269 50.1
269 5625
269 5881
270 125
270 130
270 28.7
270 29.2
270 49.3
270 50.0
270 5727
270 5747
271 26.4
271 62.2
271 74.0
272 26.8
272 34.0
272 5374
272 5384
272 5521
272 5551
272 5551
272 5584
272 5645
272 57.6
272 60.5
273 118
273 131
273 137
273 162
273 27.1
273 28.7
273 5216
273 5255
273 5341
273 5392
273 5402
273 72.4
273 80.1
274 23.5
274 23.9
274 33.0
274 38.5
274 4787
274 4852
274 4853
274 52.5
274 54.8
275 1125
275 120
275 1211
275 1275
275 1317
275 1481
275 16.9
275 2205
275 2262
275 2310
275 26.7
275 2980
275 3098
275 3128
275 3299
275 3791
275 3910
275 4020
275 4024
275 43.6
275 494
275 71.5
276 123
276 124
276 173
276 38.0
277 141
277 14.6
277 150
277 20.3
277 22.5
277 27.3
278 149
278 169
278 20.2
278 23.0
278 38.4
278 55.7
278 57.1
278 88.4
278 96.5
279 14.2
279 15.6
279 22.8
279 26.1
279 27.9
279 72.5
279 8.96
280 11.3
280 12.1
280 18.3
280 28.3
280 51.3
280 51.8
280 70.1
280 92.3
281 11.7
281 19.8
281 19.9
281 27.0
281 32.3
281 44.2
281 50.6
281 54.0
281 63.3
281 8.54
281 9.37
281 98.4
282 103
282 114
282 15.4
282 17.8
282 20.3
282 21.6
282 38.8
282 61.0
282 68.2
282 69.0
282 95.7
283 147
283 150
283 16.5
283 17.1
283 19.0
283 19.1
283 19.4
283 69.8
283 70.3
283 71.6
283 74.8
284 126
284 131
284 134
284 28.2
284 32.0
284 36.3
284 50.4
285 142
285 15.1
285 201
285 36.5
285 40.1
285 50.0
285 51.7
286 101
286 121
286 161
286 177
286 20.5
286 42.8
286 44.1
286 44.2
286 46.5
286 56.1
287 112
287 14.0
287 169
287 25.7
287 45.1
287 46.0
287 47.0
287 60.4
287 64.7
287 66.6
287 94.1
287 9.77
288 11.8
288 32.1
288 47.9
288 5.63
288 60.4
288 70.8
289 23.1
289 23.5
289 23.5
289 57.5
289 6.08
290 11.9
290 12.4
290 56.5
290 56.8
290 60.1
290 61.2
290 9.29
291 21.8
291 24.5
291 31.9
291 33.4
291 38.8
291 39.2
291 51.4
291 84.8
292 125
292 148
292 31.3
292 34.0
292 34.3
292 50.6
292 53.4
292 65.5
293 158
293 15.9
293 16.4
293 19.2
293 20.5
293 20.6
293 38.1
293 61.0
293 76.3
293 8.35
293 9.63
294 13.1
294 148
294 19.7
294 24.8
294 28.9
294 29.8
294 44.0
294 44.1
294 82.5
294 8.39
295 127
295 36.2
295 45.2
295 47.4
295 75.5
295 8.64
295 9.32
295 9.60
296 10.7
296 11.8
296 123
296 140
296 17.3
296 2.43
296 61.2
296 64.1
296 64.9
297 15.9
297 24.2
297 34.1
297 36.3
297 39.4
297 44.1
297 81.3
297 94.1
298 20.1
298 21.2
298 23.1
298 40.7
298 56.9
298 64.3
298 66.3
298 9.93
299 10.9
299 17.0
299 23.1
299 28.2
299 30.0
299 39.1
299 41.5
299 51.3
299 82.7
299 97.8
300 10.7
300 111
300 115
300 141
300 16.9
300 24.0
300 25.0
300 25.7
300 33.3
300 35.1
300 9.50
301 100
301 103
301 111
301 113
301 16.2
301 31.7
301 45.4
301 72.9
301 95.8
301 96.0
302 10.0
302 10.6
302 131
302 140
302 21.2
302 29.6
302 46.2
302 49.4
302 53.1
302 58.5
302 64.5
302 8.72
303 10.2
303 3.28
303 49.7
303 5.09
303 52.1
303 52.3
303 66.5
303 8.76
304 132
304 15.0
304 15.5
304 56.5
304 61.2
304 61.8
305 126
305 16.4
305 19.3
305 29.2
305 40.0
305 45.6
305 45.7
305 55.0
305 72.8
305 81.6
305 86.3
306 12.6
306 13.7
306 143
306 15.5
306 3.08
306 48.1
306 6.08
306 62.1
306 67.9
306 67.9
306 68.1
306 9.15
307 121
307 16.8
307 17.1
307 185
307 194
307 19.6
307 55.2
307 61.2
307 81.3
307 90.6
307 98.6
308 124
308 28.0
308 30.5
308 34.4
308 37.0
308 56.2
308 58.0
308 75.6
308 79.5
309 11.7
309 14.6
309 18.0
309 23.4
309 26.3
309 45.9
309 6.12
309 63.7
309 69.0
309 69.1
310 13.3
310 13.7
310 17.5
310 25.9
310 27.6
310 33.7
310 5.87
311 11.5
311 12.7
311 16.4
311 21.4
311 50.7
311 52.8
311 7.81
311 9.55
312 11.4
312 15.6
312 17.1
312 24.2
312 26.4
312 33.8
312 35.7
312 43.9
312 51.3
312 6.16
313 16.6
313 25.2
313 27.2
313 28.8
313 30.9
313 34.3
313 5.78
313 6.44
314 11.1
314 20.6
314 28.1
314 32.7
314 33.7
314 41.2
314 45.4
314 45.6
314 46.7
314 46.9
315 12.2
315 27.1
315 31.5
315 48.7
315 51.0
315 55.1
316 10.0
316 114
316 29.2
316 42.3
316 43.4
316 52.0
316 58.0
316 61.8
316 67.0
317 25.0
317 28.6
317 35.2
317 42.5
317 42.6
317 44.6
317 55.8
317 58.4
318 32.9
318 33.4
318 48.5
