0 5.54
1 0.362
2 1.31
2 4.85
3 0.324
3 0.789
4 0.851
4 0.998
5 0.317
5 0.733
6 0.567
6 0.702
7 2.14
7 2.28
8 0.556
8 0.744
9 0.709
9 0.758
10 0.590
10 0.848
11 3.17
11 3.53
12 0.332
12 0.388
13 2.93
13 57.4
13 59.0
14 146
14 210
14 213
15 292
15 298
16 499
16 507
17 1137
17 1141
17 795
17 810
17 866
18 1666
18 1672
19 1747
19 2070
19 2070
20 2266
21 2285
24 2280
24 2289
25 2274
25 2276
26 2255
26 2263
27 2252
27 2259
28 2258
29 2263
30 2254
30 2256
30 2262
31 2252
31 2256
31 2268
32 2243
32 2246
32 2248
32 2248
34 2254
34 2257
34 2259
35 2263
36 2258
36 2261
36 2266
37 2257
37 2261
38 2269
39 2276
40 2281
41 2277
41 2283
42 2271
42 2274
42 2274
44 2258
44 2263
45 2266
46 2271
46 2271
46 2275
47 2260
47 2267
48 2256
48 2260
49 2260
49 2262
50 2269
50 2271
50 2272
51 2269
51 2274
52 2272
52 2274
52 2275
54 2272
54 2273
55 2269
55 2272
55 2273
55 2275
56 2267
56 2268
56 2270
56 2271
57 2266
57 2270
58 2264
58 2266
58 2268
58 2270
58 2271
59 2261
59 2265
59 2265
60 2265
60 2268
61 2273
61 2275
62 2271
62 2274
63 2267
63 2268
63 2277
64 2257
64 2259
64 2260
64 2263
64 2264
65 2249
65 2250
65 2250
65 2252
66 2252
67 2258
67 2263
67 2265
67 2271
68 2269
68 2274
69 2257
69 2259
69 2263
69 2265
69 2273
70 2251
70 2257
71 2260
71 2260
71 2265
73 2277
73 2278
73 2281
74 2276
74 2279
75 2268
75 2269
75 2273
76 2263
76 2270
77 2252
77 2260
78 2259
78 2262
78 2266
80 2274
80 2277
81 2265
81 2272
82 2265
83 2263
83 2267
85 2271
85 2272
85 2274
85 2275
85 2276
86 2271
87 2265
87 2267
88 2261
88 2276
89 2266
89 2272
90 2273
90 2279
91 2274
91 2277
91 2278
92 2264
92 2267
92 2271
92 2275
94 2260
94 2266
95 2268
95 2275
96 2260
96 2260
96 2263
96 2265
98 2269
98 2272
100 2275
101 2262
101 2266
101 2271
101 2279
103 2256
103 2257
103 2261
103 2263
103 2266
104 2265
105 2264
106 2280
107 2273
107 2275
107 2276
108 2277
108 2280
109 2274
109 2276
109 2277
110 2284
111 2280
111 2280
111 2285
113 2269
113 2273
113 2273
114 2280
115 2264
115 2271
116 2260
116 2262
116 2263
116 2265
117 2255
117 2259
118 2267
119 2263
120 2267
120 2272
120 2273
121 2263
122 2268
122 2269
123 2261
123 2265
123 2266
124 2264
124 2265
125 2265
125 2269
125 2272
125 2273
126 2270
126 2271
126 2284
127 2266
128 2258
128 2259
128 2261
128 2263
129 2266
129 2267
130 2269
131 2268
131 2272
131 2276
131 2281
132 2268
132 2270
132 2273
133 2268
133 2274
134 2274
135 2265
135 2267
135 2270
135 2274
136 2265
136 2265
137 2265
137 2271
138 2266
138 2270
138 2272
139 2274
140 2267
140 2269
140 2269
141 2276
142 2266
142 2267
142 2271
142 2271
143 2266
143 2272
144 2264
144 2268
145 2268
145 2270
145 2271
146 2270
146 2272
147 2269
147 2272
148 2270
148 2272
149 2270
149 2273
149 2278
151 2264
151 2275
153 2267
153 2270
153 2270
153 2274
154 2266
155 2270
156 2278
156 2279
156 2284
156 2289
157 2262
157 2267
157 2268
158 2253
158 2256
158 2257
159 2256
159 2271
160 2267
161 2275
161 2277
161 2280
162 2269
163 2277
164 2274
164 2277
164 2278
165 2269
165 2269
165 2272
165 2274
166 2263
166 2264
166 2265
167 2265
168 2272
168 2278
169 2265
169 2267
169 2268
170 2258
170 2264
170 2267
170 2267
170 4.38
171 2266
171 2267
171 2268
171 7.80
171 9.48
172 0.754
172 2262
172 2264
172 2264
172 2265
172 2267
172 6.08
172 6.83
173 122
173 132
173 135
173 152
173 2268
173 2290
174 2274
174 2278
175 2286
175 554
175 583
175 597
176 1066
176 1079
176 1106
176 1120
176 2270
177 2259
177 2262
177 2280
177 2282
178 1585
178 1603
178 1637
178 1637
178 2257
178 2259
178 2265
179 2101
179 2120
179 2153
179 2153
179 2255
179 2258
179 2259
179 2262
179 2275
180 2259
180 2259
180 2264
181 2256
181 2257
182 2264
182 2265
182 2267
183 2262
183 2263
183 2266
184 2260
185 2265
185 2266
185 2267
185 2273
186 2260
186 2267
186 2268
186 2273
187 2246
187 2247
187 2262
187 2279
187 2283
188 2259
188 2280
188 2285
189 2269
189 2272
189 2278
189 2279
189 2282
189 2284
190 2268
190 2280
191 2261
191 2274
191 2279
191 2285
192 2268
192 2268
192 2272
192 2278
193 2262
193 2267
193 2270
193 2274
193 2276
193 2276
193 2276
193 2279
194 2251
194 2257
195 2249
195 2253
195 2253
195 2259
195 2269
195 2269
196 2261
196 2272
196 2275
196 2277
196 2280
197 2263
197 2264
197 2273
198 2271
198 2280
199 2275
200 2286
201 2288
202 2277
202 2286
202 2295
203 2286
203 2292
203 2294
203 2297
203 2297
204 2278
204 2280
204 2299
204 2301
205 2275
205 2278
205 2284
206 2268
206 2269
206 2276
207 2283
208 2278
208 2283
208 2290
209 2278
209 2283
209 2283
209 2300
210 2266
210 2268
210 2269
210 2290
210 2295
211 2236
211 2272
211 2287
212 2278
212 2278
212 2284
212 2300
213 2271
213 2278
213 2301
214 2244
214 2259
214 2284
214 2309
215 2218
215 2254
215 2278
215 2288
215 2300
216 2279
216 2283
216 2301
217 2285
217 2292
218 2280
218 2284
218 2286
219 2273
219 2274
219 2276
219 2281
219 2300
220 2262
220 2269
220 2290
221 2264
221 2269
221 2274
221 2278
221 2278
222 2272
222 2277
222 2282
223 2274
224 2275
224 2278
224 2281
224 2286
224 2312
225 2275
225 2278
226 2277
226 2279
226 2286
226 2287
227 2284
227 2290
228 2282
228 2285
228 2286
228 2292
229 2266
229 2275
229 2276
229 2279
229 2289
230 2266
230 2267
230 2285
231 2292
232 2268
232 2279
232 2282
232 2296
233 2274
233 2287
234 2259
234 2264
234 2282
234 2285
235 2222
235 2243
235 2245
235 2264
235 2271
235 2278
236 2252
236 2263
237 2257
237 2259
237 2264
237 2267
237 2270
237 2280
238 2266
238 2276
238 2278
239 2272
239 2273
239 2274
239 2281
239 2283
240 2266
240 2273
240 2281
240 2287
240 2292
241 2255
241 2260
241 2274
242 2263
242 2278
242 2280
242 2295
243 2265
243 2269
244 2271
244 2274
245 2267
245 2269
245 2272
245 2290
246 2277
246 2280
246 2291
247 2263
247 2268
247 2268
247 2269
247 2277
247 2286
247 2293
247 2294
247 2304
248 2284
248 2292
249 2268
249 2269
249 2275
249 2276
249 2278
249 2292
250 2274
250 2277
250 2277
250 2277
250 2281
250 2284
251 2267
251 2269
251 2271
251 2271
251 2272
251 2274
252 2263
252 2266
252 2280
253 2267
253 2269
253 2270
253 2271
253 2278
253 2290
254 2273
254 2274
254 2275
254 2287
255 2274
255 2292
256 2283
256 2287
256 2300
257 2292
257 2294
257 2296
258 2279
258 2282
259 2278
259 2279
259 2284
259 2288
260 2265
260 2278
260 2279
260 2288
260 2300
261 2266
261 2271
261 2275
261 2280
262 2269
262 2269
262 2272
262 2272
262 2275
263 2263
263 2268
263 2270
263 2273
263 2273
263 2278
264 2256
264 2262
264 2262
264 2266
264 2268
264 2270
265 2256
265 2259
265 2263
265 2266
266 2263
266 2264
266 2265
266 2273
266 2280
266 2295
267 2273
267 2275
267 2281
267 2282
267 2292
268 2289
269 2265
269 2269
269 2276
269 2284
269 2286
269 2286
269 2301
270 2279
270 2284
270 2297
271 2275
271 2282
271 2284
271 2288
271 2303
272 2281
272 2281
272 2284
272 2285
272 2285
272 2293
273 2274
273 2274
273 2279
273 2282
273 2289
274 2262
274 2279
274 2281
274 2281
275 2270
275 2272
275 2274
275 2276
275 2276
276 2271
276 2287
276 2288
277 2271
277 2274
277 2278
277 2295
277 2300
278 2269
278 2270
278 2284
278 2286
279 2260
279 2267
279 2272
279 2274
279 2276
279 2288
279 2290
279 2293
280 2259
280 2263
280 2266
280 2266
280 2284
280 2289
281 2278
281 2278
281 2286
282 2267
282 2269
282 2277
282 2281
283 2284
284 2265
284 2276
284 2279
284 2282
284 2284
284 2285
284 2296
285 2269
285 2278
285 2278
285 2279
285 2279
285 2293
286 2273
286 2279
286 2280
286 2281
286 2288
287 2284
287 2285
287 2288
287 2288
288 2279
288 2284
288 2314
289 2271
289 2272
289 2278
289 2279
289 2279
289 2283
289 2284
290 2261
290 2270
290 2274
290 2284
291 2266
291 2268
291 2273
291 2274
291 2275
292 2269
292 2270
292 2275
292 2276
292 2283
293 2261
293 2263
293 2268
293 2272
293 2277
293 2283
294 2268
294 2270
294 2271
294 2274
294 2284
295 2265
295 2267
295 2267
295 2271
295 2273
295 2274
295 2279
296 2272
296 2274
296 2281
296 2283
296 2285
297 2270
297 2278
298 2276
298 2276
298 2278
298 2279
298 2298
299 2280
299 2280
299 2285
299 2297
299 2297
300 2269
300 2270
300 2270
300 2272
300 2282
300 2286
301 2293
302 2275
302 2285
302 2293
302 2306
303 2266
303 2269
303 2275
303 2278
303 2280
304 2260
304 2277
305 2263
305 2265
305 2268
305 2286
306 2268
306 2275
306 2277
306 2278
306 2280
306 2283
307 2266
307 2276
308 2261
308 2264
308 2270
309 2253
309 2259
309 2261
309 2265
310 2257
310 2260
310 2285
310 2285
311 2256
311 2283
311 2289
311 2291
312 2270
312 2272
312 2277
312 2288
312 2290
312 2292
313 2273
313 2281
314 2272
314 2273
314 2275
315 2270
315 2286
316 2272
316 2276
316 2282
316 2294
317 2277
317 2289
317 2291
317 2302
318 2268
318 2282
318 2298
318 2304
319 2283
319 2283
319 2297
319 2302
320 2279
320 2280
320 2286
320 2291
320 2292
321 2272
321 2277
321 2284
321 2284
322 2264
322 2265
322 2267
322 2270
322 2276
322 2277
322 2280
322 2282
323 2268
323 2272
323 2278
323 2278
323 2279
323 2281
324 2272
324 2278
324 2279
324 2282
324 2282
325 2282
325 2282
326 2277
326 2283
326 2286
326 2297
327 2290
328 2265
328 2271
328 2278
328 2292
329 2278
329 2285
329 2285
330 15.6
330 2289
330 2289
331 2216
331 2271
331 2286
331 29.0
331 8.84
332 20.9
332 2199
332 2280
332 23.4
332 2313
332 2326
332 2342
333 100
333 209
333 2285
333 229
333 2331
333 72.0
334 2412
335 2330
335 2336
335 2342
335 2373
335 525
335 530
336 2389
336 2410
336 2424
336 2491
336 778
336 779
337 2345
337 884
338 2388
339 2325
339 846
339 925
341 2376
341 2378
341 2415
341 2422
341 2447
341 718
342 2223
342 2282
342 942
343 1034
343 1035
343 1040
343 1097
343 2321
343 2339
343 2362
343 2375
343 2381
343 2414
344 2242
344 2314
344 2329
345 2336
345 2364
346 2310
346 2345
346 2362
346 2367
346 2372
346 2372
347 2179
347 2180
347 2245
347 2282
348 1651
348 1696
348 2268
348 2273
348 2276
348 2292
348 2293
348 2295
349 1837
349 1863
349 1865
349 1866
349 2308
349 2310
349 2311
349 2312
349 2314
349 2320
349 2326
349 2328
349 2337
350 2306
351 2114
351 2114
351 2144
351 2292
351 2295
351 2318
352 2315
352 2319
352 2327
352 2330
353 2268
353 2287
353 2292
353 2310
353 2314
354 2032
354 2033
354 2209
354 2238
354 2238
354 2288
354 2294
354 2310
355 2017
355 2221
355 2264
355 2270
355 2274
355 2274
355 2285
355 2295
356 2145
356 2148
356 2156
356 2270
356 2271
356 2276
356 2306
357 2154
357 2162
357 2165
357 2286
357 2287
357 2293
358 2259
358 2260
358 2279
358 2294
358 2300
358 2303
359 2314
359 2334
360 2292
360 2293
360 2299
360 2299
360 2300
361 2204
361 2282
361 2285
362 2191
362 2201
363 2379
363 2380
363 2386
363 2390
363 2392
363 2404
363 2410
364 2189
364 2216
364 2230
364 2261
364 2448
364 2470
364 2471
364 2557
365 2593
365 2605
365 2623
365 2662
365 2672
366 2565
366 2609
366 2616
366 2626
366 2627
366 2694
366 2700
367 2510
367 2513
367 2515
367 2558
367 2577
368 2476
368 2492
368 2561
369 2260
369 2277
369 2280
369 2450
370 1605
371 1648
371 1659
371 872
372 1337
372 1516
372 1641
372 1992
373 1176
373 1244
373 2071
373 437
373 463
373 467
374 1531
374 1988
374 2043
374 2048
374 2049
374 2049
374 2108
374 509
374 518
375 1597
375 1615
375 1622
375 2291
375 2338
375 661
375 703
376 1881
376 1956
376 2000
376 2093
376 2267
377 2303
377 2310
377 911
377 913
377 960
378 1144
378 1180
378 2295
378 2305
378 2311
379 1444
379 1446
379 1456
379 2306
380 1715
380 2279
380 2284
380 2288
380 2303
381 2272
381 2285
381 2305
382 1726
382 1802
382 1807
382 2282
382 2284
382 2295
383 1736
383 2279
383 2284
383 2291
384 1424
384 1668
384 2276
385 1252
385 1281
385 2228
385 2239
385 2262
385 2284
386 1349
386 1355
386 1390
386 2274
387 1356
387 2297
388 1560
389 1334
389 2289
389 2290
389 2312
390 1187
390 1190
390 1204
390 1211
390 2286
391 1017
391 2269
391 2275
391 2276
392 2285
392 2293
392 2294
392 846
392 874
393 2262
393 2265
393 2273
393 2280
393 2329
393 2338
394 2251
394 2311
394 2325
394 979
394 984
394 992
395 1211
395 2296
395 2308
396 1327
396 1330
396 2292
396 2326
397 1288
397 2270
397 2273
397 2277
397 2284
398 1376
398 1409
398 1434
398 2280
398 2286
398 2295
398 2319
399 1521
399 2269
399 2270
399 2289
399 2292
400 1539
400 1569
400 2278
400 2285
400 2287
400 2297
400 2306
400 2312
401 1825
401 1863
401 1880
401 2280
401 2289
402 2117
402 2157
402 2200
402 2289
402 2304
403 2279
403 2283
403 2293
403 2300
404 2197
404 2236
404 2285
404 2285
404 2285
404 2290
404 2292
405 2073
405 2276
405 2282
405 2286
405 2286
405 2295
405 2306
406 2274
406 2275
406 2285
406 2289
406 2291
406 2339
407 2324
407 2351
408 2264
408 2273
409 2032
409 2180
410 1725
410 1738
410 1988
410 2039
410 2214
410 2218
410 2221
411 1690
411 1693
411 2033
411 2063
412 1533
412 2088
412 2247
412 2285
413 1314
413 1447
413 2168
413 2192
413 2304
414 2199
414 2282
414 2283
415 2166
415 2177
416 1836
416 2136
416 2150
416 2155
416 2286
416 2292
416 295
417 104
417 110
417 1822
417 1844
417 2047
417 255
418 2343
418 2348
419 2091
419 2092
419 219
419 2292
419 2293
419 2296
419 2304
419 235
420 2170
420 2264
420 2277
420 2311
420 2372
420 508
421 2298
421 2325
421 2326
421 2327
421 2333
421 692
421 756
421 757
422 2271
423 1221
423 1221
423 2311
423 2314
423 2361
424 1391
424 1396
424 1397
425 2329
425 2357
425 2361
425 2368
425 2376
426 1637
427 1785
427 1786
427 2281
427 2297
427 2304
427 2324
427 2336
428 2013
428 2021
428 2028
428 2029
428 2286
428 2296
429 2312
430 2275
430 2292
430 2305
430 2363
430 2364
431 2182
431 2283
431 2355
431 2356
431 2367
431 2368
431 2381
432 2147
432 2147
432 2281
432 2295
432 2303
432 2313
432 2340
433 2293
433 2335
433 2371
433 2379
433 2379
433 2382
433 2517
434 2259
434 2260
434 2270
434 2302
434 2321
434 2327
435 2280
435 2281
435 2284
435 2285
435 2285
435 2352
435 2453
436 2278
436 2280
436 2308
436 2469
436 2496
436 2505
436 2505
437 2259
437 2259
437 2270
437 2324
438 2327
439 2288
439 2290
439 2307
440 1284
440 1511
440 1955
440 2172
440 968
440 980
441 1387
441 681
441 682
442 1456
442 819
443 121
443 1240
444 18.7
444 982
445 1783
445 1910
445 714
445 714
445 739
446 1159
446 1843
446 1975
446 628
446 630
447 2181
447 2289
447 746
447 753
447 756
448 1858
448 2485
448 2525
448 869
448 874
449 2160
449 2235
449 2296
450 1010
450 1010
450 1026
450 2281
450 2306
450 2317
451 1062
451 1064
451 2283
451 2295
452 1195
452 1196
452 1198
452 1208
452 2321
453 1496
453 1503
453 1505
453 2265
453 2278
453 2286
453 2291
454 1611
454 2260
454 2271
454 2271
454 2297
454 2337
455 1521
455 1534
455 2260
455 2273
455 2280
455 2283
455 2283
455 2288
456 1628
456 1634
456 1639
456 1641
456 2267
456 2267
456 2268
456 2284
456 2290
457 1754
457 1761
457 2298
457 2315
457 2329
458 1753
458 1757
458 2273
458 2278
458 2284
458 2286
458 2288
458 2306
459 2270
459 2271
459 2272
459 2282
459 2289
460 2114
460 2124
460 2128
460 2367
460 2379
461 2234
461 2385
461 2407
462 2283
462 2292
462 2294
462 2328
462 2328
462 2332
462 2333
462 2342
462 2344
463 2283
463 2285
463 2286
463 2402
463 2433
463 2439
464 2274
464 2291
464 2295
464 2296
464 2300
464 2301
464 2301
464 2306
465 2304
465 2306
465 2307
465 2309
465 2311
465 2317
465 2320
465 2360
466 2312
466 2350
466 2381
466 2397
467 2305
467 2305
467 2308
467 2315
467 2318
467 2322
467 2339
468 2279
468 2385
469 2034
469 2036
469 2206
469 2222
469 2230
469 2236
470 1630
470 1635
470 1882
470 1977
471 2016
471 2017
471 2080
471 2202
471 2258
472 1857
472 1859
472 1862
472 1866
472 2274
472 2278
472 2281
472 2310
473 2118
473 2118
473 2122
473 2282
473 2289
473 2306
473 2306
473 2319
474 2276
474 2282
474 2283
474 2291
474 2291
474 2322
475 2265
475 2267
475 2293
475 2298
475 2310
475 2312
475 2321
475 2329
476 2278
476 2300
476 2304
476 2306
476 2308
476 2318
476 2321
476 2321
476 2348
476 2354
477 2300
477 2319
477 2325
477 2325
477 2354
478 2384
478 2394
478 2421
478 2428
478 2444
478 2445
478 2453
478 2455
479 2514
479 2514
479 2515
479 2517
479 2518
479 2520
479 2531
480 2623
480 2634
480 2671
480 2672
481 2689
481 2705
481 2713
481 2755
481 2756
482 2758
482 2761
482 2763
482 2763
482 2777
482 2777
482 2802
483 2693
483 2702
483 2716
483 2718
483 2721
483 2776
483 2794
484 2775
484 2791
484 2810
484 2849
485 2669
485 2813
485 2822
485 2824
485 2857
485 2871
486 2565
486 2565
486 2567
486 2568
486 2577
486 2588
486 2602
486 2662
486 2668
486 2669
486 2716
487 2483
487 2485
487 2489
487 2511
487 2512
487 2514
487 2526
487 2530
488 2286
488 2288
488 2307
488 2328
488 2513
488 2528
489 2286
489 2314
489 2321
489 2321
489 2350
489 2389
489 2400
490 2300
490 2309
490 2316
490 2319
491 2332
491 2338
491 2340
491 2342
491 2347
492 2223
492 2223
492 2274
492 2287
492 2304
493 2364
493 2368
493 2368
493 2374
493 2383
493 2385
493 2388
493 2391
494 2370
494 2374
494 2378
494 2388
495 2371
495 2373
495 2390
495 2397
495 2424
496 2384
496 2392
496 2398
497 2376
497 2386
497 2420
497 2432
498 2081
498 2170
498 2238
498 2240
498 2291
499 1918
499 1942
499 1966
499 1966
499 2144
499 2235
499 2242
499 2322
500 2266
500 2267
500 2282
500 2283
500 2299
500 2319
500 2322
501 2385
501 2395
501 2413
501 2427
501 2431
502 2450
502 2454
