0 12.4
0 14.4
0 16.9
0 4.22
0 6.97
0 7.65
0 8.21
1 2.44
1 41.0
1 46.6
1 6.93
2 0.799
2 13.2
2 1.57
2 1.72
2 2.80
2 2.81
2 7.63
3 1.70
3 2.81
3 2.99
3 6.72
3 7.02
3 7.79
3 8.89
4 10.0
4 11.3
4 11.7
4 13.8
4 14.2
4 4.52
4 5.27
5 2.69
5 4.14
5 4.29
5 4.51
5 4.96
5 7.13
6 0.746
6 2.74
6 3.00
6 3.02
6 3.11
6 3.59
6 5.09
7 0.728
7 1.16
7 1.45
7 2.50
7 2.98
7 3.94
7 8.41
8 1.05
8 13.0
8 1.60
8 1.68
8 1.85
8 1.94
8 3.53
9 1.29
9 1.57
9 2.83
9 4.11
9 4.31
9 4.62
10 10.4
10 1.06
10 2.28
10 4.84
10 5.11
10 5.36
10 5.44
11 0.355
11 0.967
11 4.07
11 4.36
11 4.49
11 6.65
12 0.399
12 0.812
12 1.07
12 1.10
12 13.8
12 2.99
12 4.15
13 0.383
13 0.587
13 1.12
13 1.29
13 1.33
13 4.11
13 4.96
14 0.573
14 1.04
14 11.1
14 1.99
14 2.70
14 2.87
14 3.39
15 0.739
15 14.6
15 2.21
15 2.22
15 3.04
15 3.46
15 4.62
16 0.376
16 0.540
16 0.792
16 1.19
16 1.85
16 3.60
16 4.65
17 0.758
17 1.02
17 1.33
17 3.82
17 5.23
17 7.23
18 0.656
18 10.5
18 1.23
18 2.44
18 2.90
18 5.94
18 6.58
19 0.492
19 0.628
19 1.99
19 3.14
19 6.99
19 7.66
19 9.12
20 1.20
20 13.4
20 13.6
20 2.43
20 2.81
20 4.65
20 9.07
21 14.3
21 4.40
21 5.52
21 5.79
21 6.58
21 8.60
22 0.476
22 0.835
22 1.06
22 1.26
22 17.7
22 2.47
22 8.75
23 1.13
23 1.16
23 1.69
23 18.2
23 3.36
23 6.88
23 8.17
24 0.458
24 0.580
24 0.696
24 1.96
24 3.06
24 4.68
24 5.62
25 10.0
25 10.1
25 13.3
25 15.9
25 1.82
25 2.15
25 3.89
26 0.445
26 10.4
26 1.73
26 17.4
26 1.84
26 3.68
26 4.57
27 0.599
27 0.749
27 1.15
27 13.5
27 4.15
27 5.93
27 6.57
28 0.416
28 0.955
28 1.20
28 1.27
28 1.94
28 2.09
28 2.75
29 1.18
29 1.79
29 1.85
29 1.96
29 4.97
29 5.08
29 6.39
30 1.81
30 18.8
30 2.30
30 2.72
30 3.05
30 4.29
31 0.980
31 1.08
31 1.10
31 11.3
31 1.95
31 2.00
31 2.70
32 0.462
32 1.26
32 1.49
32 15.6
32 15.9
32 2.38
32 4.08
33 0.289
33 22.6
33 2.48
33 2.94
33 3.38
33 6.47
33 9.58
34 1.32
34 1.34
34 1.71
34 2.12
34 2.66
34 4.56
34 4.74
35 0.930
35 2.35
35 25.7
35 2.75
35 4.45
35 8.00
35 8.05
36 1.90
36 2.06
36 2.29
36 3.08
36 3.12
36 4.71
36 7.83
37 0.770
37 0.793
37 1.32
37 1.43
37 1.73
37 2.19
37 2.52
38 0.915
38 12.8
38 2.19
38 2.52
38 3.64
38 3.87
38 3.96
39 0.480
39 1.27
39 1.60
39 2.14
39 2.23
39 2.48
39 2.59
40 0.467
40 0.981
40 1.04
40 1.17
40 3.05
40 3.55
40 4.13
41 0.982
41 1.29
41 1.91
41 2.76
41 3.37
41 5.01
41 5.19
42 0.975
42 1.19
42 1.71
42 2.24
42 2.36
42 2.75
42 2.87
43 0.539
43 0.938
43 1.03
43 1.30
43 19.1
43 2.18
43 6.99
44 0.962
44 2.18
44 2.63
44 2.73
44 3.65
44 7.96
44 9.94
45 0.819
45 0.920
45 11.5
45 1.36
45 6.30
45 6.36
45 7.56
46 1.85
46 2.04
46 2.07
46 2.34
46 2.61
46 3.56
46 5.23
47 10.0
47 2.34
47 2.84
47 3.42
47 5.52
47 5.58
47 6.09
48 0.774
48 1.16
48 1.39
48 2.31
48 5.18
48 5.99
48 6.54
49 0.573
49 13.9
49 1.43
49 1.44
49 2.23
49 5.89
49 7.75
50 0.903
50 1.19
50 1.78
50 1.91
50 2.47
50 4.23
50 6.06
51 0.325
51 0.332
51 0.699
51 1.95
51 3.89
51 4.13
51 4.34
52 0.445
52 2.42
52 3.31
52 34.4
52 4.10
52 4.18
52 4.86
53 0.534
53 0.596
53 0.655
53 1.51
53 6.04
53 6.52
53 7.17
54 0.699
54 0.769
54 1.24
54 3.85
54 5.41
54 6.97
54 7.63
55 0.462
55 0.877
55 11.6
55 15.3
55 1.77
55 2.70
55 6.55
56 1.03
56 1.30
56 1.55
56 1.90
56 2.11
56 2.23
56 3.93
57 0.390
57 1.11
57 3.09
57 3.88
57 6.70
57 7.16
58 12.7
58 1.31
58 1.35
58 17.5
58 3.33
58 3.39
58 3.94
58 4.03
59 0.304
59 0.464
59 1.27
59 15.7
59 1.90
59 4.63
59 6.50
60 0.558
60 0.813
60 18.6
60 3.37
60 4.32
60 5.15
60 8.69
61 1.71
61 2.21
61 2.38
61 2.99
61 3.27
61 4.99
62 15.7
62 3.23
62 3.53
62 3.97
62 4.49
62 5.01
62 7.73
63 0.754
63 1.27
63 2.02
63 2.21
63 3.51
63 5.38
63 6.21
64 0.626
64 17.0
64 2.13
64 2.69
64 3.66
64 3.68
64 4.01
65 0.370
65 0.407
65 0.976
65 1.48
65 1.83
65 1.92
65 1.97
66 0.400
66 1.12
66 1.22
66 16.4
66 6.17
66 9.05
67 10.4
67 11.1
67 3.60
67 3.94
67 7.45
67 8.26
67 8.46
68 1.11
68 13.7
68 1.96
68 3.06
68 6.23
68 6.70
68 6.88
69 0.468
69 1.07
69 10.7
69 1.56
69 1.66
69 1.74
69 2.39
70 0.332
70 0.550
70 11.4
70 1.23
70 1.85
70 2.32
70 2.37
71 0.695
71 1.15
71 1.17
71 2.16
71 2.57
71 2.80
71 5.40
72 0.388
72 0.800
72 1.60
72 2.11
72 4.06
72 6.18
72 6.78
73 10.0
73 1.92
73 2.68
73 28.7
73 3.03
73 3.66
73 3.78
74 0.674
74 1.77
74 2.21
74 2.32
74 2.51
74 2.82
74 2.88
75 0.371
75 13.0
75 1.57
75 2.50
75 2.62
75 7.42
78 0.479
78 12.4
78 1505
78 1632
78 1772
78 1778
78 2099
78 2182
78 564
78 681
78 7.23
78 823
78 824
79 0.924
79 1.73
79 3.06
79 4.70
80 0.739
80 0.975
80 1.47
80 2.35
80 3.27
80 5.24
80 8.76
81 0.419
81 1.24
81 1.47
81 1.62
81 1.81
81 2.49
82 0.611
82 3.08
82 3.36
82 3.52
82 3.87
82 4.55
82 7.79
83 0.585
83 0.842
83 14.9
83 16.2
83 1.65
83 2.03
83 3.34
84 0.391
84 0.455
84 0.950
84 1.51
84 2.62
84 2.67
84 4.45
85 0.317
85 1.93
85 19.3
85 2.94
85 2.96
85 3.50
86 0.634
86 2.63
86 3.05
86 3.84
86 4.73
86 4.81
86 9.35
87 0.655
87 0.660
87 0.731
87 2.47
87 3.84
87 3.95
87 4.70
88 0.316
88 0.878
88 0.944
88 1.25
88 1.28
88 15.2
88 5.41
89 0.363
89 0.377
89 0.413
89 0.453
89 11.5
89 1.95
89 2.95
90 0.800
90 1.21
90 1.42
90 16.8
90 2.42
90 2.74
90 3.03
91 0.492
91 0.866
91 1.09
91 1.38
91 1.45
91 2.92
91 4.87
92 12.5
92 1.51
92 2.68
92 2.69
92 3.14
92 3.54
92 7.30
93 0.459
93 19.5
93 2.48
93 2.57
93 3.53
93 4.42
93 4.57
94 1.50
94 3.65
94 3.77
94 4.88
95 0.340
95 0.342
95 0.847
95 3.05
95 3.68
95 4.15
95 8.98
96 1.05
96 1.31
96 1.66
96 1.81
96 1.93
96 2.00
96 3.06
97 0.572
97 1.10
97 1.25
97 13.1
97 2.32
97 2.99
97 8.10
98 0.962
98 1.28
98 1.42
98 1.69
98 18.3
98 1.92
98 6.84
99 1.09
99 1.19
99 13.4
99 19.0
99 5.24
99 5.36
99 6.52
100 0.541
100 0.966
100 0.977
100 13.6
100 18.5
100 2.15
100 3.84
101 0.426
101 1.02
101 1.50
101 1.82
101 2.08
101 3.88
101 4.09
102 0.355
102 1.42
102 3.06
102 3.71
102 3.93
102 6.47
103 0.979
103 1.06
103 1.12
103 2.05
103 2.12
103 2.97
103 3.64
104 0.675
104 0.713
104 0.746
104 0.747
104 1.24
104 13.6
104 2.72
105 1.21
105 1.43
105 1.49
105 2.04
105 2.08
105 4.11
105 4.28
106 0.681
106 1.40
106 2.53
106 4.25
106 8.87
107 0.938
107 1.56
107 1.66
107 24.4
107 24.9
107 2.56
107 2.58
107 2.85
107 5.90
108 0.942
108 1.43
108 1.51
108 1.95
108 2.85
108 4.35
108 9.40
109 1.02
109 11.0
109 1.65
109 2.57
109 2.60
109 3.19
109 4.59
110 0.872
110 1.04
110 10.8
110 1.39
110 2.84
110 2.95
110 5.31
111 0.793
111 1.46
111 2.37
111 2.97
111 3.97
111 6.20
111 8.89
112 0.475
112 0.591
112 1.08
112 2.31
112 2.78
112 3.99
112 8.15
113 0.471
113 0.664
113 0.931
113 1.00
113 2.25
113 3.01
114 0.962
114 0.983
114 1.27
114 1.94
114 2.20
114 2.60
114 3.83
114 4.39
115 0.798
115 16.8
115 2.04
115 2.07
115 3.17
115 8.28
116 0.806
116 0.970
116 13.2
116 1.77
116 2.90
116 3.18
116 6.06
117 1.58
117 1.79
117 18.4
117 2.13
117 2.94
117 4.95
118 0.914
118 1.08
118 1.37
118 1.75
118 2.44
118 3.04
118 8.67
119 0.740
119 11.4
119 1.24
119 1.63
119 3.48
119 3.63
120 0.554
120 0.637
120 0.968
120 1.64
120 2.84
120 3.50
120 9.30
121 0.799
121 0.941
121 2.24
121 2.45
121 3.07
121 3.80
122 0.852
122 0.915
122 1.74
122 1.78
122 2.50
122 2.59
122 4.67
123 0.958
123 1.70
123 2.04
123 7.77
123 7.99
123 8.35
123 9.85
124 0.461
124 1.08
124 2.01
124 2.51
124 3.22
124 3.63
124 3.73
125 0.324
125 0.333
125 0.406
125 1.50
125 1.63
125 1.75
125 5.59
126 15.2
126 1.68
126 20.8
126 2.44
126 27.2
126 3.81
126 8.08
127 1.05
127 1.81
127 2.06
127 2.12
127 3.04
127 3.14
127 3.17
128 1.20
128 2.26
128 2.73
128 2.86
128 4.00
128 4.28
129 0.423
129 1.17
129 1.49
129 1.79
129 2.55
129 6.69
129 7.67
130 0.772
130 1.11
130 2.88
130 3.48
130 4.13
130 4.49
130 7.04
131 0.852
131 0.984
131 1.93
131 1.95
131 2.65
131 3.00
132 0.784
132 1.62
132 2.07
132 3.45
132 3.67
132 5.30
132 5.71
133 0.787
133 1.09
133 1.28
133 1.40
133 1.50
133 1.76
133 4.54
134 0.344
134 0.513
134 0.950
134 0.969
134 14.9
134 16.9
134 4.90
135 0.689
135 0.859
135 15.2
135 1.73
135 2.54
135 2.93
135 6.53
136 0.987
136 10.2
136 1.59
136 16.5
136 2.08
137 11.6
137 15.9
137 1.98
137 2.53
137 2.99
137 3.35
137 3.89
137 3.94
138 1.61
138 1.90
138 2.13
138 2.81
138 3.81
138 6.26
139 0.978
139 1.16
139 1.59
139 2.37
139 4.07
139 4.34
139 5.14
140 0.387
140 0.406
140 1.14
140 1.65
140 4.85
140 5.23
140 6.36
141 0.584
141 1.75
141 2.58
141 2.65
141 4.48
141 5.29
142 0.986
142 1.85
142 2.46
142 2.71
142 3.23
142 3.96
142 9.54
143 0.602
143 0.614
143 0.760
143 0.815
143 1.91
143 4.01
143 7.56
144 1.03
144 1.09
144 1.12
144 1.16
144 1.35
144 3.95
144 5.83
145 1.08
145 1.63
145 1.64
145 2.81
145 2.92
145 3.98
145 6.01
146 0.944
146 1.28
146 1.69
146 1.87
146 1.93
146 2.11
146 6.22
147 0.455
147 0.908
147 1.68
147 2.29
147 2.84
147 3.41
147 3.55
148 0.414
148 1.34
148 1.37
148 2.69
148 3.62
148 3.90
149 0.427
149 0.452
149 0.472
149 0.486
149 1.22
149 1.52
149 1.67
150 0.433
150 0.855
150 14.8
150 2.03
150 23.5
150 3.85
150 4.94
151 0.344
151 0.473
151 0.703
151 12.8
151 1.29
151 1.61
152 0.526
152 190
152 723
153 0.871
153 103
153 2.83
153 640
153 74.4
153 797
153 9.75
154 0.723
154 1.03
154 2.43
154 2.69
154 2.85
154 3.23
155 0.420
155 0.472
155 0.834
155 0.862
155 1.16
155 4.68
156 10.6
156 20.1
156 2.05
156 3.42
156 3.64
156 3.70
156 5.83
156 6.16
156 6.99
157 10.0
157 10.3
157 11.0
157 12.7
157 2.60
157 2.98
157 5.71
157 5.71
157 5.74
157 8.22
158 13.4
158 13.4
158 14.4
158 15.6
158 1.76
158 26.5
158 29.8
158 3.06
158 4.15
158 4.78
159 11.0
159 11.7
159 22.1
159 4.63
159 5.21
159 5.83
159 7.53
160 11.4
160 11.8
160 12.8
160 13.1
160 14.6
160 19.8
160 2.05
160 5.98
160 7.94
161 1.92
161 2.03
161 2.85
161 3.35
161 4.08
161 5.82
161 6.68
161 8.15
162 1.03
162 2.29
162 3.34
162 5.06
162 5.35
162 5.64
162 6.29
163 13.8
163 1.53
163 1.67
163 2.28
163 2.69
163 3.01
163 3.32
163 3.91
163 4.65
163 7.62
163 7.94
164 11.5
164 11.7
164 11.8
164 21.1
164 2.82
164 37.1
164 5.00
164 5.84
164 6.89
164 9.77
165 11.0
165 11.9
165 16.8
165 23.6
165 4.01
165 4.08
165 4.86
165 5.08
165 6.54
166 1.29
166 16.8
166 23.3
166 2.90
166 3.71
166 5.19
166 6.17
166 6.20
166 7.04
166 7.17
166 7.78
167 0.629
167 1.50
167 1.68
167 1.73
167 22.5
167 27.0
167 2.73
167 2.89
167 2.93
167 3.16
167 5.25
168 21.1
168 23.4
168 2.64
168 2.91
168 3.11
168 33.3
168 37.1
168 4.87
168 6.59
168 8.09
168 8.54
169 19.6
169 3.22
169 3.22
169 3.40
169 3.97
169 5.87
169 6.87
169 8.63
169 8.73
169 9.92
170 18.3
170 20.0
170 3.14
170 4.37
170 5.66
170 6.88
170 7.01
170 9.37
170 9.93
171 15.3
171 1.73
171 23.6
171 2.98
171 4.92
171 49.6
171 5.14
171 53.1
171 57.4
171 59.1
172 1.12
172 1.84
172 2.68
172 28.2
172 5.06
172 7.36
172 7.49
172 7.71
172 8.55
172 8.76
173 14.9
173 15.6
173 2.00
173 32.8
173 3.90
173 41.4
173 4.15
173 8.83
173 8.99
174 0.743
174 1.03
174 1.04
174 14.8
174 15.3
174 2.18
174 2.35
174 23.6
174 3.06
174 4.25
174 4.83
175 1.13
175 17.7
175 2.03
175 2.21
175 2.55
175 3.11
175 3.75
175 5.33
175 6.21
175 7.23
175 8.03
176 0.740
176 1.16
176 12.6
176 1.64
176 19.0
176 2.10
176 2.87
176 3.59
176 3.99
176 4.70
176 9.29
177 0.852
177 27.7
177 3.49
177 4.20
177 5.33
177 5.71
177 6.63
177 7.32
177 8.27
178 1.11
178 1.21
178 14.1
178 27.7
178 3.15
178 3.49
178 3.84
178 5.49
178 7.88
179 13.5
179 1.50
179 15.8
179 16.1
179 1.99
179 2.20
179 4.25
179 4.34
179 4.35
179 5.18
180 1.22
180 1.83
180 1.95
180 2.09
180 31.8
180 3.41
180 4.59
180 4.98
180 7.63
180 9.92
181 10.2
181 11.2
181 1.66
181 19.6
181 21.4
181 3.27
181 4.39
181 5.62
181 6.12
181 6.28
181 7.85
182 11.4
182 1.29
182 2.36
182 3.98
182 4.12
182 5.55
182 7.46
182 7.55
182 8.23
182 9.90
183 1.23
183 1.51
183 17.6
183 20.6
183 2.77
183 4.03
183 4.66
183 4.90
183 5.20
183 6.56
183 9.07
184 10.2
184 10.2
184 2.31
184 3.32
184 3.43
184 3.84
184 4.02
184 6.19
184 8.10
184 9.03
185 11.0
185 2.58
185 26.0
185 5.13
185 5.84
185 6.27
185 6.87
185 8.59
186 0.556
186 0.582
186 10.2
186 2.96
186 3.02
186 3.49
186 5.20
186 5.97
186 6.82
186 7.18
186 7.66
187 1.76
187 2.38
187 2.59
187 2.68
187 3.78
187 3.84
187 4.32
187 4.51
187 4.83
187 5.12
187 5.66
188 0.618
188 12.4
188 1.81
188 2.08
188 25.7
188 2.78
188 4.19
188 6.95
188 7.61
188 8.57
188 9.12
189 13.0
189 1.38
189 16.3
189 1.66
189 1.93
189 2.24
189 6.68
189 8.77
190 12.4
190 1.26
190 13.3
190 16.0
190 2.75
190 5.70
190 6.74
190 7.62
190 8.82
191 0.520
191 0.555
191 10.1
191 11.5
191 1.16
191 1.67
191 16.8
191 39.0
191 4.37
191 4.93
192 2.01
192 3.94
192 4.05
192 43.9
192 5.44
192 7.33
192 7.55
192 7.89
193 11.3
193 13.1
193 22.4
193 2.76
193 2.94
193 32.8
193 3.54
193 4.38
193 5.83
193 9.03
193 9.94
194 0.359
194 0.674
194 1.11
194 13.0
194 1.56
194 2.25
194 22.8
194 2.41
194 5.72
194 9.32
195 11.0
195 2.40
195 4.06
195 5.46
195 5.56
195 5.87
195 6.25
195 6.63
195 6.88
195 8.22
196 15.3
196 1.81
196 2.15
196 3.07
196 3.44
196 4.48
196 6.65
196 6.68
196 7.00
197 0.494
197 0.647
197 1.70
197 19.6
197 2.40
197 2.47
197 6.21
197 7.75
198 17.3
198 1.88
198 22.9
198 4.10
198 4.11
198 5.94
198 6.72
198 7.68
199 17.9
199 18.7
199 2.74
199 3.10
199 3.24
199 3.96
199 3.96
199 4.50
199 4.74
199 4.82
199 6.19
200 10.2
200 17.3
200 2.62
200 26.4
200 3.29
200 3.30
200 4.15
200 4.79
200 4.95
200 5.87
200 7.53
201 0.381
201 0.935
201 1.78
201 2.43
201 26.8
201 2.77
201 34.5
201 34.9
201 40.1
201 41.2
201 9.65
202 0.465
202 0.521
202 3.26
202 3.47
202 4.51
202 4.77
202 6.07
202 8.49
202 9.53
203 13.1
203 13.5
203 13.9
203 2.47
203 32.8
203 3.55
203 6.34
203 6.94
203 8.12
204 0.909
204 12.7
204 2.99
204 3.39
204 5.15
204 6.17
204 6.47
204 6.51
204 7.60
204 8.67
204 8.77
205 19.5
205 4.14
205 4.24
205 4.27
205 5.07
205 5.27
205 5.71
205 6.11
205 6.74
205 8.88
206 0.875
206 2.12
206 21.2
206 2.20
206 3.28
206 4.76
206 5.56
206 6.24
206 7.34
206 9.70
207 17.3
207 2.94
207 3.23
207 3.59
207 4.33
207 4.64
207 4.85
207 5.06
207 5.89
207 9.49
208 1.43
208 1.85
208 25.6
208 3.40
208 3.58
208 3.72
208 4.00
208 4.07
208 50.7
208 5.58
208 7.68
209 19.3
209 3.38
209 37.2
209 3.91
209 5.83
209 6.17
209 8.80
209 9.19
210 10.0
210 1.06
210 1.43
210 15.1
210 2.07
210 2.67
210 3.32
210 4.49
210 5.58
210 6.59
210 6.69
211 11.9
211 1.64
211 32.6
211 4.10
211 4.40
211 5.28
211 5.33
211 5.44
211 9.55
212 0.779
212 11.9
212 3.95
212 4.71
212 5.17
212 5.23
212 6.27
212 7.06
212 7.27
213 1.00
213 13.2
213 1.75
213 22.5
213 2.71
213 3.37
213 3.81
213 4.15
213 5.11
213 8.11
214 12.0
214 12.7
214 15.9
214 16.5
214 17.6
214 1.93
214 2.38
214 2.42
215 1.38
215 15.5
215 2.53
215 2.63
215 27.3
215 2.77
215 3.07
215 4.27
215 4.59
215 6.95
216 1.16
216 1.39
216 1.43
216 17.2
216 2.61
216 4.86
216 5.03
216 5.27
216 5.35
216 5.82
216 5.90
217 10.2
217 10.3
217 24.0
217 2.68
217 3.08
217 3.60
217 3.66
217 3.72
217 9.09
217 9.09
218 1.02
218 10.7
218 14.1
218 3.04
218 3.85
218 4.40
218 4.40
218 4.62
218 6.52
218 6.79
218 7.43
219 1.15
219 1.16
219 12.2
219 1.62
219 2.55
219 2.70
219 3.37
219 3.51
219 9.76
220 10.5
220 12.3
220 13.0
220 14.8
220 18.5
220 2.24
220 23.5
220 25.6
221 13.9
221 1.93
221 2.27
221 3.40
221 3.75
221 5.43
221 5.77
221 7.63
221 8.45
222 2.70
222 3.51
222 3.89
222 4.01
222 5.54
222 6.21
222 7.42
222 8.20
222 8.62
223 14.3
223 16.2
223 2.30
223 44.1
223 4.79
223 5.06
223 5.06
223 6.00
223 7.56
223 9.79
224 1.57
224 2.03
224 2.38
224 25.5
224 29.2
224 40.2
224 4.69
224 4.77
224 7.06
225 1.03
225 1.37
225 14.2
225 16.1
225 21.6
225 2.42
225 6.92
226 10.6
226 18.0
226 1.84
226 1.99
226 3.72
226 3.93
226 4.48
226 6.09
226 7.43
227 0.952
227 1.03
227 13.2
227 13.4
227 15.1
227 17.2
227 3.80
227 4.34
227 6.61
227 7.72
228 0.998
228 16.8
228 1.75
228 2.14
228 2.28
228 3.35
228 4.03
228 4.42
228 9.19
228 9.44
229 49.6
231 1595
232 1045
232 1074
232 1273
232 2.12
232 2.34
232 3.48
232 3.50
232 3.56
232 44.9
232 569
233 13.4
233 1.66
233 3.21
233 3.47
233 5.34
233 7.25
233 8.32
234 11.8
234 12.4
234 17.4
234 18.1
234 220
234 234
234 241
234 24.8
234 408
234 5.72
234 6.54
235 30.6
235 524
235 617
236 12.5
236 177
236 19.7
236 19.8
236 21.2
236 22.5
236 25.6
236 30.1
236 31.1
236 472
236 495
236 562
236 565
237 19.0
237 40.8
237 41.0
237 5.53
237 5.94
237 6.40
237 7.15
238 11.3
238 12.0
238 12.2
238 12.7
238 15.4
238 16.5
238 22.9
238 23.0
238 2.46
238 52.7
238 9.29
238 9.45
239 21.4
239 21.4
239 26.8
239 3.00
239 40.7
239 8.63
239 9.25
239 9.34
240 10.3
240 11.0
240 11.4
240 16.2
240 4.17
240 5.45
240 5.92
240 7.50
240 7.69
240 9.66
241 10.2
241 17.5
241 20.7
241 3.30
241 56.2
241 9.88
242 10.7
242 10.9
242 11.3
242 13.7
242 16.2
242 16.8
242 2.06
242 23.5
242 24.6
242 6.97
242 9.48
243 13.4
243 2.99
243 41.1
243 49.6
243 5.39
243 74.3
243 82.4
243 83.4
243 9.27
244 11.0
244 15.3
244 18.3
244 22.3
244 26.4
244 39.2
244 8.19
245 11.7
245 12.7
245 13.7
245 21.7
245 27.3
245 27.8
245 2.92
245 33.6
245 34.9
245 6.69
245 9.04
245 90.6
246 11.2
246 11.6
246 16.2
246 24.5
246 24.6
246 26.6
246 29.6
246 33.1
246 35.5
246 35.8
247 10.3
247 10.9
247 12.0
247 23.2
247 48.2
247 48.4
247 5.07
248 18.8
248 25.2
248 29.1
248 30.5
248 4.24
248 4.25
248 5.77
248 7.80
249 10.2
249 11.1
249 2.05
249 22.3
249 24.8
249 24.9
249 28.3
249 29.9
249 30.7
249 33.6
249 35.0
249 39.0
249 53.8
249 57.6
250 11.0
250 11.6
250 14.4
250 15.3
250 2.83
250 3.22
250 47.3
250 47.3
251 109
251 15.6
251 3.05
251 35.4
251 36.5
251 46.1
251 5.34
251 55.6
251 59.5
251 6.56
251 6.94
251 7.21
252 10.9
252 12.3
252 3.78
252 4.34
252 67.3
253 14.3
253 14.8
253 21.6
253 24.5
253 25.3
253 33.8
253 34.3
253 3.58
253 5.85
254 12.8
254 3.31
254 3.79
254 59.0
254 6.81
254 7.03
254 7.20
254 7.61
254 7.95
254 9.38
254 9.66
255 2.10
255 22.4
255 28.9
255 6.11
255 8.23
255 85.8
256 11.0
256 22.3
256 26.0
256 2.64
256 4.89
256 8.09
256 9.49
256 9.82
256 9.98
257 21.8
257 48.9
257 50.4
257 51.2
257 52.7
257 8.94
258 11.1
258 11.2
258 21.5
258 23.2
258 26.6
258 27.6
258 28.7
258 5.57
258 5.68
258 7.13
259 15.7
259 16.5
259 2.75
259 27.7
259 3.58
259 38.4
259 6.23
259 6.47
259 7.63
259 8.48
259 9.37
260 16.3
260 23.2
260 25.3
260 25.4
260 28.4
260 36.2
260 36.7
260 45.6
260 51.1
260 5.76
260 67.9
260 70.9
260 8.70
261 10.6
261 11.1
261 28.4
261 4.83
261 6.65
261 72.8
261 73.9
261 8.36
262 12.0
262 18.7
262 19.9
262 2.83
262 7.32
263 11.0
263 17.9
263 3.32
263 38.4
263 45.7
263 63.0
263 76.9
263 8.63
263 9.09
264 29.9
264 39.1
264 4.26
264 54.6
264 56.7
264 60.6
264 6.51
264 68.1
264 75.2
264 94.2
265 17.9
265 3.59
265 3.71
265 48.7
265 51.8
265 5.74
265 7.20
265 80.5
265 82.7
265 84.2
266 10.7
266 19.2
266 19.7
266 19.8
266 20.2
266 22.0
266 25.0
266 26.0
266 28.9
266 40.1
266 4.19
266 50.4
266 5.93
267 12.4
267 13.0
267 18.8
267 19.8
267 20.0
267 24.0
267 24.0
267 30.1
267 34.9
267 34.9
267 3.69
267 4.14
267 6.84
267 9.08
268 0.702
268 119
268 14.8
268 16.5
268 21.1
268 3.86
268 42.8
268 5.24
268 61.3
268 66.5
268 7.29
268 7.70
268 7.74
268 8.23
269 100
269 10.6
269 6.02
269 7.38
269 8.96
270 16.6
270 32.9
270 33.4
270 38.5
270 42.2
270 4.28
270 44.5
270 5.07
270 6.56
270 8.82
270 9.27
271 16.8
271 18.7
271 25.9
271 2.90
271 41.5
271 41.7
271 4.20
271 58.3
271 5.96
271 7.70
271 8.59
271 9.71
272 11.5
272 12.8
272 20.9
272 21.6
272 24.9
272 35.3
272 6.52
272 9.33
273 24.2
273 3.54
273 44.9
273 52.6
273 54.6
273 6.12
273 6.32
273 68.0
273 70.2
273 72.4
273 77.5
273 9.51
274 18.7
274 19.5
274 20.8
274 22.4
274 22.4
274 23.3
274 27.9
274 29.5
274 34.0
274 36.9
274 38.0
274 49.7
274 7.03
275 18.5
275 21.6
275 42.1
275 42.3
275 4.43
275 49.5
275 64.7
275 7.57
275 77.3
275 8.30
276 10.4
276 12.0
276 18.4
276 26.0
276 31.6
276 48.0
276 5.06
276 5.85
276 59.0
276 6.54
276 8.16
276 9.65
277 11.3
277 1.14
277 14.7
277 17.2
277 20.1
277 32.3
277 43.5
277 5.27
277 62.5
277 7.94
278 17.7
278 1.94
278 20.7
278 2.66
278 3.68
278 4.20
278 8.38
279 11.7
279 12.3
279 3.40
279 34.6
279 37.4
279 3.89
279 4.71
279 5.22
279 9.83
280 11.4
280 119
280 162
280 18.3
280 19.1
280 32.9
280 34.0
280 3.92
280 5.86
280 60.7
280 76.4
280 8.78
281 21.0
281 31.0
281 6.23
281 6.73
281 7.32
282 15.2
282 15.2
282 19.5
282 29.8
282 3.17
282 3.54
282 47.5
282 48.2
282 4.83
282 6.25
283 12.1
283 1.25
283 13.2
283 21.1
283 24.1
283 27.5
283 43.4
283 64.4
283 8.19
284 13.8
284 17.7
284 18.4
284 18.4
284 20.9
284 28.3
284 30.0
284 57.1
285 24.7
285 2.55
285 28.3
285 3.11
285 31.4
285 3.20
285 40.5
285 47.6
285 5.17
285 5.28
285 6.68
285 6.95
285 8.99
286 19.1
286 21.4
286 22.7
286 23.1
286 3.89
286 4.28
286 5.38
286 6.94
286 7.27
286 9.41
287 106
287 10.7
287 20.3
287 29.6
288 10.2
288 105
288 13.0
288 13.4
288 22.1
288 26.7
288 3.91
288 5.89
289 10.0
289 23.4
289 29.2
289 29.3
289 5.22
289 5.90
289 66.6
289 6.88
289 8.33
289 8.77
289 9.88
290 11.5
290 19.0
290 19.3
290 22.4
290 2.69
290 27.3
290 28.5
290 28.7
290 4.77
290 5.01
290 65.8
290 9.62
291 12.7
291 19.0
291 19.7
291 5.85
291 9.12
292 12.6
292 20.4
292 22.2
292 32.6
292 33.7
292 4.60
292 6.11
292 7.41
293 12.8
293 14.7
293 21.7
293 28.8
293 29.6
293 5.84
293 8.07
293 8.32
294 11.5
294 12.2
294 22.2
294 34.9
294 40.2
294 46.3
294 47.7
294 57.0
294 6.50
295 36.6
295 4.38
295 5.24
295 5.89
295 7.31
295 7.59
295 7.76
296 13.0
296 20.2
296 2.17
296 22.0
296 27.3
296 5.54
296 6.24
296 6.30
296 7.03
296 7.27
297 14.0
297 18.0
297 28.7
297 37.4
297 51.7
297 54.2
297 68.1
297 7.73
298 13.6
298 25.4
298 25.6
298 27.2
298 31.0
298 3.65
298 39.7
298 4.86
298 7.12
298 7.86
299 11.4
299 11.7
299 11.7
299 21.7
299 2.32
299 6.09
299 6.29
299 7.03
299 8.51
299 8.76
300 11.4
300 19.3
300 24.9
300 43.0
300 5.74
300 7.37
300 8.63
301 12.1
301 17.3
301 24.8
301 25.7
301 5.16
301 5.31
301 6.91
301 9.03
301 9.04
302 10.3
302 10.6
302 11.3
302 2.98
302 4.89
302 8.47
302 9.15
303 20.6
303 26.5
303 27.0
303 64.2
303 65.6
304 10.1
304 13.6
304 15.9
304 16.1
304 21.3
304 25.1
304 34.2
304 41.7
304 8.32
304 8.98
305 13.4
305 14.0
305 6.61
305 68.4
306 10.7
306 33.4
306 35.3
306 36.8
306 5.82
307 10.1
307 10.3
307 17.7
307 6.76
308 33.5
309 12.2
310 17.6
311 10.1
311 12.5
311 15.7
311 3.34
311 4.42
311 4.89
311 51.0
311 57.7
311 7.84
312 10.5
312 10.7
312 44.3
312 8.80
312 9.68
313 12.4
313 17.9
313 36.7
313 42.7
313 74.4
313 74.4
313 77.7
313 77.9
313 8.31
314 10.7
314 11.1
314 12.2
314 13.0
314 34.3
314 63.9
314 8.16
314 8.73
314 8.77
314 91.6
315 11.5
315 16.9
315 27.1
315 27.6
315 42.6
315 4.96
315 6.85
315 7.67
315 7.89
315 8.06
315 8.30
316 16.5
316 32.5
316 37.4
316 4.53
