0 3.47
1 0.330
2 4.62
3 0.749
4 0.464
5 1.09
6 0.995
7 0.332
8 0.481
9 0.357
10 3.16
11 0.330
12 0.824
13 0.658
13 3.33
14 0.629
14 11.8
14 8.09
15 124
15 16.7
15 17.2
15 6.84
16 312
16 337
16 342
16 342
17 479
18 1065
18 816
18 820
18 827
18 861
19 1392
19 1401
19 1407
19 1443
20 1668
21 1987
21 1988
21 2007
21 2025
22 2267
22 2574
23 2581
23 2597
23 2607
23 2844
24 3147
24 3148
24 3186
24 3203
25 3433
26 3759
26 3759
26 3788
26 3792
27 3801
29 3805
29 3815
30 3819
30 3825
31 3818
31 3818
31 3820
32 3811
33 3809
33 3813
34 3815
35 3806
35 3812
35 3817
35 3818
35 3819
36 3801
36 3809
37 3803
37 3804
37 3806
38 3791
38 3792
38 3793
38 3804
39 3805
40 3796
40 3800
40 3801
40 3802
41 3797
41 3801
42 3795
42 3799
42 3799
42 3800
42 3804
43 3779
43 3780
43 3787
43 3788
43 3798
44 3774
44 3777
44 3779
44 3799
45 3771
45 3775
45 3782
45 3785
46 3772
46 3774
46 3787
46 3791
47 3779
47 3790
48 3794
48 3795
48 3800
49 3792
49 3800
50 3806
50 3807
50 3809
51 3800
51 3800
51 3802
51 3808
52 3789
52 3798
52 3798
53 3783
53 3784
53 3803
53 3807
54 3797
54 3800
55 3792
55 3794
55 3799
56 3798
56 3799
57 3808
58 3809
58 3810
59 3804
59 3806
59 3812
59 3814
60 3803
60 3808
61 3798
61 3802
62 3805
62 3806
63 3799
63 3809
63 3815
64 3807
65 3811
65 3814
66 3810
66 3822
67 3824
68 3820
69 3820
70 3821
70 3831
71 3831
72 3817
72 3819
73 3806
73 3811
73 3818
74 3813
75 3811
75 3811
75 3813
76 3800
76 3801
76 3804
76 3806
77 3785
77 3797
77 3800
78 3796
78 3797
78 3798
79 3791
79 3794
79 3803
80 3807
81 3799
81 3799
81 3805
82 3803
82 3806
82 3810
83 3794
83 3806
83 3808
84 3792
84 3797
84 3802
85 3808
86 3810
86 3812
88 3810
88 3810
88 3820
88 3831
89 3800
89 3805
89 3809
89 3811
90 3795
90 3800
90 3801
90 3807
90 3809
91 3772
91 3776
91 3777
91 3782
91 3793
92 3792
92 3795
93 3775
93 3792
93 3792
93 3794
94 3800
95 3805
95 3814
96 3807
96 3808
97 3803
97 3808
98 3805
98 3814
99 3800
99 3804
100 3811
100 3817
100 3823
101 3803
101 3806
101 3809
101 3809
102 3797
102 3800
102 3800
103 3786
103 3795
103 3801
104 3787
104 3794
105 3795
105 3803
106 3794
106 3799
106 3802
106 3805
107 3801
107 3804
108 3811
109 3798
109 3801
109 3801
109 3802
109 3805
110 3782
110 3795
111 3799
111 3802
112 3781
112 3795
112 3801
112 3801
113 3795
113 3805
113 3808
114 3793
114 3802
114 3803
115 3790
115 3792
115 3798
116 3796
116 3803
117 3788
117 3793
117 3800
117 3801
118 3801
118 3804
119 3804
120 3794
120 3796
120 3803
120 3804
121 3803
122 3802
122 3809
122 3810
124 3811
124 3814
124 3815
125 3801
125 3809
125 3812
126 3802
126 3803
126 3807
126 3811
127 3794
127 3798
127 3801
128 3787
128 3788
128 3794
129 3800
129 3802
130 3801
131 3809
131 3810
132 3810
132 3818
132 3822
133 3807
133 3807
133 3809
134 3803
134 3804
134 3805
135 3801
135 3804
136 3807
137 3811
137 3811
138 3817
139 3815
140 3805
140 3809
140 3813
140 3816
141 3801
141 3804
141 3809
141 3818
142 3800
142 3801
142 3801
143 3800
144 3804
144 3807
144 3810
145 3801
145 3802
145 3806
146 3798
146 3803
146 3805
146 3806
147 3800
147 3800
147 3805
148 3787
148 3789
148 3790
148 3791
148 3792
149 3791
150 3798
150 3798
150 3801
150 3803
151 3801
151 3805
152 3791
152 3803
152 3805
152 3806
153 3795
153 3797
153 3805
153 3807
154 3783
154 3785
154 3788
154 3788
154 3797
155 3780
155 3793
155 3794
156 3782
156 3784
157 3790
157 3798
158 3799
158 3800
158 3801
158 3806
158 3810
159 3798
159 3807
160 3798
160 3803
161 3793
161 3793
161 3798
161 3799
162 3802
162 3803
162 3807
163 3801
163 3802
165 3803
165 3805
165 3806
166 3796
166 3800
166 3805
166 3806
168 3798
168 3799
168 3805
169 3795
169 3799
169 3799
169 3805
169 3805
170 3800
170 3804
170 3806
170 5.16
171 0.985
171 10.0
171 3797
171 3799
172 0.719
172 2.07
172 3781
172 3785
172 3791
172 3797
172 3799
172 4.40
173 10.7
173 12.7
173 21.0
173 3802
173 3803
174 15.1
174 15.9
174 26.0
174 3785
174 3796
174 3797
174 3800
175 22.4
175 3775
175 3793
175 3794
175 3796
175 4.25
175 6.30
176 14.6
176 16.0
176 17.5
176 3796
177 13.1
177 15.0
177 3777
177 3795
177 3798
177 3801
177 5.42
178 19.6
178 20.9
178 21.9
178 3787
178 3796
179 17.2
179 18.4
179 34.1
179 3800
179 3803
179 3819
180 2.63
180 20.9
180 22.3
180 3799
180 3800
180 3802
181 13.5
181 15.4
181 16.0
181 3806
181 3808
182 10.2
182 10.9
182 3804
182 3807
182 9.99
183 6.81
183 6.91
183 8.04
184 10.5
184 3811
184 3820
184 3831
184 6.33
184 9.83
185 11.2
185 3819
185 62.9
186 274
186 85.3
186 86.1
187 320
187 337
187 380
187 380
187 3814
187 3815
187 3817
188 3810
188 3816
188 3821
188 771
188 880
188 910
188 947
188 949
189 3810
189 3810
190 1506
190 1631
190 1642
190 1680
190 1684
190 3805
190 3809
190 3811
191 3799
191 3808
192 2304
192 2322
192 2322
192 2374
192 2374
192 3803
192 3803
192 3804
193 2991
193 3791
193 3794
193 3797
193 3804
193 3806
194 3190
194 3192
194 3207
194 3263
194 3263
194 3806
194 3813
194 3815
195 3789
195 3796
195 3796
195 3801
195 3802
196 3790
196 3795
196 3795
196 3804
196 3808
196 3810
196 3812
196 3814
197 3783
197 3786
197 3798
197 3805
197 3813
198 3796
198 3804
198 3813
198 3814
198 3826
199 3803
199 3804
199 3809
199 3810
199 3821
200 3792
200 3795
200 3797
200 3804
200 3810
201 3802
201 3806
201 3812
201 3814
201 3817
202 3805
202 3808
202 3808
202 3813
202 3817
203 3802
203 3806
203 3808
203 3809
203 3815
203 3832
204 3804
204 3804
204 3809
204 3813
205 3797
205 3799
205 3801
205 3808
205 3809
205 3810
205 3812
205 3816
205 3816
206 3799
206 3801
206 3802
206 3808
206 3809
206 3816
207 3796
207 3798
207 3799
207 3799
207 3801
207 3804
207 3841
208 3780
208 3785
208 3787
208 3796
208 3800
208 3805
208 3817
209 3786
209 3794
209 3797
209 3804
209 3809
210 3785
210 3797
210 3797
210 3798
210 3798
210 3802
211 3782
211 3788
211 3789
211 3793
211 3799
211 3809
211 3810
212 3789
212 3806
212 3809
212 3813
213 3796
213 3797
213 3797
213 3799
213 3801
213 3809
213 3823
214 3792
214 3794
214 3812
215 3792
215 3792
215 3804
215 3811
215 3812
215 3813
216 3795
216 3801
216 3812
216 3818
216 3822
217 3812
217 3826
218 3786
218 3801
218 3814
219 3812
219 3818
219 3833
220 3814
220 3826
220 3833
221 3809
221 3819
221 3824
221 3825
221 3826
221 3827
222 3808
222 3809
222 3809
222 3810
222 3812
223 3803
223 3805
223 3812
223 3817
223 3822
223 3833
224 3806
224 3814
224 3815
224 3819
224 3821
225 3799
225 3804
225 3804
225 3812
225 3821
225 3826
226 3789
226 3797
226 3799
226 3803
226 3812
227 3799
227 3803
227 3820
228 3790
228 3801
228 3801
228 3808
228 3815
228 3817
228 3818
229 3805
229 3808
229 3809
229 3813
229 3813
230 3815
230 3817
230 3822
230 3822
231 3794
231 3804
231 3811
232 3802
232 3804
232 3804
232 3804
232 3813
232 3815
233 3696
233 3744
233 3777
233 3781
233 3792
233 3816
233 3818
234 3689
234 3700
234 3811
234 3811
234 3812
234 3827
235 3789
235 3798
235 3815
235 3815
235 3819
236 3794
236 3799
236 3806
236 3807
236 3808
236 3812
236 3815
237 3784
237 3786
237 3794
237 3803
237 3803
238 3793
238 3802
238 3805
238 3813
238 3822
239 3784
239 3790
239 3800
239 3800
239 3802
239 3802
239 3805
239 3815
240 3776
240 3784
240 3787
240 3794
240 3798
240 3803
240 3805
240 3808
240 3812
241 3776
241 3782
241 3785
241 3800
241 3816
242 3724
242 3790
242 3798
242 3799
242 3803
243 3784
243 3785
243 3789
243 3795
243 3798
243 3804
244 3787
244 3793
244 3796
244 3828
245 3789
245 3792
245 3797
245 3799
245 3808
246 3788
246 3789
246 3796
246 3803
247 3829
248 3802
248 3803
248 3809
248 3827
248 3848
249 3812
249 3819
250 3800
250 3812
250 3813
250 3814
250 3815
250 3819
251 3795
251 3797
251 3805
251 3808
251 3817
252 3788
252 3802
252 3806
252 3817
253 3802
253 3804
253 3811
253 3813
253 3827
254 3799
254 3802
254 3803
254 3807
254 3811
254 3812
255 3798
255 3817
256 3802
256 3805
256 3807
256 3810
256 3815
256 3832
257 3804
257 3806
257 3806
257 3807
257 3812
257 3814
258 3801
258 3804
258 3806
258 3809
258 3820
259 3795
259 3803
259 3806
259 3813
259 3816
260 3811
260 3811
260 3813
260 3814
260 3819
262 3807
262 3817
262 3817
262 3826
262 3832
263 3811
263 3813
263 3815
264 3815
264 3816
264 3827
265 3801
265 3812
265 3812
265 3813
265 3816
265 3816
265 3835
266 3805
266 3807
267 3714
267 3791
267 3804
267 3805
267 3807
267 3815
267 3820
267 3821
268 3791
268 3809
268 3810
268 3810
268 3810
269 3798
269 3799
269 3818
270 3785
270 3791
270 3793
270 3793
270 3802
270 3803
271 3788
271 3800
271 3803
271 3805
271 3806
272 3794
272 3807
272 3808
272 3812
272 3821
273 3790
273 3801
273 3801
273 3802
273 3804
273 3813
274 3790
274 3797
274 3802
274 3817
274 3822
275 3793
275 3802
275 3802
275 3811
275 3814
275 3828
276 3806
276 3809
276 3815
276 3828
277 3788
277 3800
277 3811
277 3812
278 3790
278 3793
278 3799
278 3804
278 3806
278 3807
279 3690
279 3733
279 3783
279 3792
279 3794
279 3802
279 3815
279 3816
279 3818
280 3751
280 3759
280 3776
280 3781
280 3784
280 3785
280 3798
280 3807
281 3667
281 3707
281 3792
281 3802
282 3786
282 3794
282 3795
282 3798
282 3808
283 3797
283 3804
283 3806
283 3812
283 3813
284 3788
284 3804
284 3805
284 3806
284 3807
285 3799
285 3803
285 3821
286 3792
286 3800
286 3805
286 3809
286 3810
287 3803
287 3805
287 3806
287 3809
288 3808
288 3810
288 3810
288 3817
288 3818
288 3820
289 3802
289 3804
289 3805
289 3806
289 3807
289 3812
289 3812
290 3782
290 3788
290 3788
290 3798
290 3802
290 3806
290 3852
291 3779
291 3785
291 3793
291 3794
291 3803
291 3811
292 3792
292 3798
292 3804
292 3805
292 3806
293 3782
293 3790
293 3799
293 3800
293 3805
293 3806
293 3808
293 3813
294 3789
294 3797
294 3803
294 3818
295 3800
295 3805
295 3810
295 3818
296 3791
296 3792
296 3793
296 3794
296 3800
296 3801
297 3806
297 3808
297 3809
298 3799
298 3813
298 3815
298 3829
299 3789
299 3800
299 3807
299 3830
299 3831
299 3831
300 3785
300 3798
300 3803
300 3805
300 3811
300 3812
300 3818
301 3805
301 3809
301 3810
302 3790
302 3806
302 3807
302 3813
303 3792
303 3802
303 3805
303 3809
303 3810
303 3810
304 3805
304 3806
304 3812
304 3815
304 3816
305 3798
305 3798
305 3800
305 3806
305 3810
305 3810
305 3812
305 3817
306 3776
306 3789
306 3801
306 3815
307 3772
307 3773
307 3780
307 3781
307 3798
307 3801
307 3810
307 3811
308 3782
308 3802
308 3803
308 3806
308 3808
309 3782
309 3788
309 3789
309 3791
309 3793
309 3799
309 3803
310 3794
310 3796
310 3800
310 3802
310 3805
310 3806
311 3783
311 3783
311 3803
311 3817
312 3803
312 3803
312 3808
312 3809
312 3814
313 3799
313 3800
313 3801
313 3804
314 3808
314 3819
314 3824
314 3826
315 3811
315 3818
315 3819
315 3822
316 3810
316 3810
317 3803
317 3806
317 3806
317 3811
317 3820
317 3822
318 3790
318 3790
318 3810
318 3811
319 3789
319 3791
319 3830
320 3817
320 3820
320 3820
321 3800
321 3802
321 3803
321 3804
321 3808
321 3808
321 3810
321 3817
321 3829
322 3785
322 3793
322 3801
322 3805
322 3810
323 3801
323 3802
323 3803
323 3805
323 3810
323 3818
324 3779
324 3779
324 3781
324 3797
324 3799
325 3807
325 3813
325 3814
325 3823
326 3801
326 3803
326 3805
326 3805
327 3802
327 3804
327 3807
327 3811
327 3820
328 3808
328 3809
328 3818
328 3820
329 3806
329 3807
329 3808
329 3809
329 3819
329 3823
330 3802
330 3803
330 3806
330 3808
330 3810
331 3793
331 3796
331 3799
331 3808
331 3811
331 3816
331 3818
332 3767
332 3771
332 3777
332 3787
332 3798
332 3805
332 3806
332 3811
333 3795
333 3796
333 3800
333 3800
334 3785
334 3787
334 3794
334 3797
334 3799
334 3803
334 3804
335 3789
335 3797
335 3799
335 3803
335 3805
335 3808
336 3786
336 3797
336 3800
336 3804
336 3829
337 3796
337 3807
337 3809
338 3798
338 3802
338 3808
338 3811
338 3818
339 3786
339 3800
339 3805
339 3806
339 3809
339 3817
340 3790
340 3810
340 3818
341 3790
341 3800
341 3803
341 3805
341 3806
341 3807
341 3811
341 3811
341 3827
342 3790
342 3790
342 3796
342 3800
342 3800
343 3788
343 3790
343 3793
343 3798
343 3798
343 3809
344 3791
344 3793
344 3796
344 3804
345 3782
345 3796
345 3800
345 3804
345 3808
346 3790
346 3790
346 3798
346 3809
346 3813
346 3818
346 3824
347 3788
347 3802
347 3807
347 3811
347 3812
348 3804
348 3804
348 3820
349 3802
349 3804
349 3805
349 3805
349 3807
349 3808
349 3813
350 3793
350 3799
350 3801
350 3809
350 3810
351 3798
351 3799
351 3800
351 3806
351 3810
351 3810
351 3815
351 3816
352 3779
352 3801
352 3802
352 3822
353 3782
353 3789
353 3791
353 3794
353 3801
353 3808
353 3816
354 3777
354 3784
354 3793
354 3823
354 7.96
355 11.6
355 25.9
355 3790
355 3792
355 3831
355 3840
356 32.7
356 35.3
356 3800
356 3813
356 3857
356 3879
356 3880
356 41.6
357 106
357 113
357 118
357 124
357 3805
357 3836
357 3860
357 3862
357 3867
357 3874
358 103
358 3806
358 3806
358 3811
358 3835
358 3837
358 3858
358 79.7
358 88.4
358 99.1
359 100
359 126
359 3860
359 3862
359 3863
359 3863
359 65.4
359 91.6
360 251
360 257
360 277
360 3880
360 3886
360 3890
360 3892
360 3898
360 3901
360 3914
361 339
361 3869
361 3895
362 129
362 133
362 136
362 137
362 3807
362 3817
362 3833
362 3846
363 3893
363 92.3
364 140
364 230
364 231
364 3870
364 3881
364 3885
364 3912
364 3940
364 3942
364 3956
365 100
365 120
365 3684
365 3699
365 3744
365 3821
365 95.7
366 16.5
366 30.9
366 34.7
366 3813
366 3854
366 3862
366 3883
366 3906
367 213
367 221
367 223
367 223
367 3843
367 3853
367 3868
368 308
368 329
368 335
368 336
368 3818
368 3819
368 3842
368 3858
368 3900
369 3872
369 3921
369 3931
369 3941
369 685
369 703
369 710
369 714
370 3880
370 3916
370 3951
370 4011
371 3805
371 3827
371 3847
371 3872
371 3877
371 460
371 460
372 3841
372 3857
372 3867
373 167
373 171
373 171
373 187
373 3862
373 3933
373 3948
374 116
374 165
374 169
374 3641
374 3699
374 3701
374 3707
374 3719
374 3981
375 163
375 222
375 3545
375 3665
375 3787
376 146
376 169
376 3564
376 3718
376 3764
376 3782
376 3817
376 3839
377 256
377 256
377 274
377 3796
377 3828
378 3817
378 3851
378 3862
379 19.6
379 3802
379 3808
379 3818
379 3847
379 3875
379 3887
379 3889
380 105
380 3796
380 3797
380 3803
380 3845
380 3849
380 92.2
380 92.4
381 176
381 177
381 3776
381 3795
381 3797
381 3818
382 147
382 148
382 188
382 3775
382 3791
383 3704
383 3763
383 3766
383 3799
383 3804
383 3813
383 3823
383 41.8
383 63.5
384 19.9
384 3804
384 3817
384 3823
384 3826
384 3828
384 3837
385 137
385 3808
385 3811
385 3816
385 3825
385 3831
385 3865
386 104
386 3695
386 3701
386 3714
386 3730
386 3769
386 3776
386 3779
386 3782
386 3832
386 3832
387 137
387 180
387 180
387 181
387 3770
387 3853
387 3856
387 3858
387 3870
388 3802
388 3827
388 3899
389 22.1
389 35.6
389 36.5
389 3784
389 3790
389 3799
389 3801
389 3869
390 39.1
391 27.4
391 31.0
391 3854
391 3875
391 3902
392 3745
392 3807
392 3838
392 3918
392 3921
392 3924
393 3674
393 3682
393 3693
393 3816
393 88.2
393 90.2
394 3690
394 3807
395 173
395 210
395 210
395 210
395 3803
395 3945
396 3811
396 3832
396 3925
396 3937
396 3939
396 3948
396 76.2
396 77.4
396 77.6
397 3771
397 3806
397 3816
397 3831
398 102
398 116
398 116
398 129
398 3536
398 3647
398 3671
398 3675
398 3852
398 3859
398 3872
399 344
399 348
399 348
399 3737
399 3804
399 3899
400 3834
400 3836
400 3837
400 3883
400 3892
400 3988
400 3988
400 3989
401 3831
401 3837
401 3851
401 3870
401 3901
401 521
401 521
401 529
401 532
402 3808
402 3816
402 3832
402 3840
402 508
402 509
403 3826
403 3844
403 3876
403 3910
403 3919
404 3864
404 3868
404 3870
404 3880
404 3910
404 3916
404 574
404 574
404 574
405 3803
405 3817
405 3835
405 3843
405 3862
405 3930
405 3932
405 729
405 729
405 730
405 735
406 3819
406 3821
406 3830
406 3833
406 3842
406 3860
406 708
407 3883
407 3913
407 3916
407 3923
407 3930
407 897
407 898
407 900
407 901
408 1174
408 1174
408 1174
408 3904
408 3905
408 3905
408 3909
408 3931
409 1248
409 1257
409 1257
409 1261
409 3820
409 3821
409 3913
410 1229
410 1232
410 1233
410 1239
410 3832
410 3841
410 3877
410 3877
411 1263
411 1265
411 1265
411 1270
411 3851
411 3872
411 3928
411 3949
411 3976
412 1282
412 1285
412 1288
412 1314
412 3856
412 3909
412 3920
412 3927
412 3953
413 1327
413 1328
413 1331
413 3792
413 3801
413 3821
413 3833
413 3834
413 3836
413 3851
413 3855
414 1357
414 1358
414 1361
414 3782
414 3785
414 3795
414 3807
414 3820
414 3873
415 1244
415 1260
415 1263
415 1302
415 1362
415 3784
415 3802
415 3813
415 3828
415 3862
415 3877
415 3894
416 1405
416 1405
416 1409
416 3822
416 3825
416 3859
416 3877
416 3886
417 1426
417 3910
417 3910
417 3915
417 3947
417 4014
417 4043
418 1683
418 1686
418 1686
418 1704
418 4026
418 4044
418 4059
418 4146
419 1918
419 1919
419 1922
419 1951
419 3983
419 4018
419 4026
419 4040
419 4118
420 1981
420 1995
420 1997
420 3894
420 4011
421 1891
421 1891
421 3946
421 3949
421 3956
421 3990
421 3999
421 4040
422 1890
422 1904
422 1905
422 1924
422 4023
422 4029
422 4049
422 4051
422 4096
423 3952
423 4046
424 1866
424 1867
424 3817
424 3846
425 1819
425 1819
425 1820
425 1846
425 3797
425 3821
425 3844
426 1805
426 1808
426 3795
426 3797
426 3821
426 3824
427 1826
427 1827
427 3802
427 3822
427 3823
427 3828
427 3850
428 1756
428 1772
428 1772
428 3795
428 3809
428 3835
428 3837
429 1658
429 1663
429 1668
429 3832
429 3849
430 1658
430 3801
430 3805
430 3808
430 3811
430 3815
430 3828
431 1743
431 1753
431 3787
431 3789
431 3796
431 3800
431 3805
431 3813
431 3815
431 3837
432 1821
432 1872
432 3801
432 3805
432 3809
432 3817
432 3819
433 1822
433 3816
433 3829
433 3829
433 3836
434 1625
434 1632
434 3826
434 3835
434 3853
434 3870
435 1676
435 1683
435 1684
435 1718
435 3822
435 3832
435 3834
435 3895
435 3911
436 1878
436 1882
436 1886
436 3800
436 3826
436 3833
437 2088
437 2090
437 2104
437 3826
437 3834
437 3859
437 3870
437 3909
437 3924
438 2219
438 2225
438 3856
438 3900
439 2230
439 3850
439 3899
439 3900
439 3915
439 3935
439 3943
439 3947
440 2293
440 3828
440 3842
440 3865
441 2492
441 2519
441 2523
441 3845
441 3880
441 3895
441 3910
442 2523
442 2539
442 3810
442 3815
442 3819
442 3835
442 3860
442 3864
442 3870
443 2569
443 2569
443 2570
443 2592
443 3819
443 3833
443 3839
444 2840
444 2848
444 2848
444 3845
444 3854
444 3875
444 3892
444 3910
445 2821
445 3828
445 3850
445 3878
445 3881
445 3891
446 2951
446 2952
446 2953
446 3798
446 3801
446 3825
446 3826
446 3834
447 3136
447 3139
447 3146
447 3796
447 3801
447 3802
447 3806
447 3809
447 3854
448 3245
448 3246
448 3833
449 3211
449 3212
449 3826
449 3829
449 3847
450 3205
450 3224
450 3252
450 3254
450 3825
450 3835
450 3852
450 3863
450 3873
450 3883
451 3279
451 3875
451 3876
451 3879
451 3910
451 3914
451 3923
452 3294
452 3298
452 3300
452 3839
452 3839
452 3839
452 3842
452 3844
452 3850
452 3854
452 3859
452 3860
452 3900
453 3279
453 3281
453 3291
453 3898
453 3916
453 3923
453 3927
454 3501
454 3541
454 3571
454 3584
454 4115
454 4122
454 4134
455 3505
455 3520
455 3532
455 3863
455 3871
456 3661
456 3856
456 3858
456 3874
456 3883
457 3901
458 3999
459 3545
459 3548
459 3609
459 3795
459 3831
459 3840
459 3843
459 3856
460 2983
460 3062
460 3778
460 3832
461 2590
461 3769
461 3777
461 3835
461 3844
462 2403
462 3449
462 3516
462 3519
462 3558
462 3770
462 3780
462 3784
462 3791
463 2038
463 2039
463 2250
463 3548
463 3810
463 3847
464 1944
464 3428
464 3477
464 3522
464 3567
464 3810
464 3812
464 3815
465 3507
465 3555
465 3793
465 3810
465 3812
465 3820
466 1808
466 1851
466 3686
466 3770
466 3816
466 3844
467 1688
467 1693
467 1708
467 1715
467 3793
467 3850
467 3879
467 3880
467 3886
467 3899
468 1776
468 1777
468 1824
468 1847
468 3926
468 3934
468 3970
468 3983
468 4017
468 4018
469 2080
469 3940
469 4023
470 2097
470 2128
470 2145
470 4089
470 4166
471 2487
471 2490
471 2562
471 2591
471 4189
471 4194
471 4264
471 4268
471 4350
472 2911
472 2934
472 4416
472 4428
472 4435
472 4481
472 4482
472 4509
472 4515
472 4529
472 4560
473 3000
473 3020
473 4621
473 4653
473 4667
473 4668
473 4677
474 3299
474 3327
474 3381
474 4678
474 4777
474 4790
475 3662
475 3679
475 3700
475 3704
475 4876
475 4877
475 4916
475 4927
475 4973
476 3889
476 3894
476 4999
476 5050
476 5053
476 5071
476 5138
477 3944
477 3954
477 5151
477 5157
477 5160
477 5178
477 5180
477 5265
477 5296
478 4227
478 4228
478 4241
478 5335
478 5342
478 5342
478 5350
478 5358
479 3718
479 4214
479 4217
479 4271
479 4722
479 4738
479 5264
479 5266
479 5270
479 5280
479 5322
480 3717
480 4594
480 4614
480 4639
481 3657
481 3664
481 3675
481 4617
481 4656
481 4699
481 4706
481 4714
482 4614
482 4641
482 4688
482 4702
483 2700
483 2708
483 2739
483 3130
483 3162
483 3795
483 3824
483 3830
484 2467
484 2481
484 2484
484 2487
484 3491
484 3505
484 3506
484 3678
484 3773
485 2505
485 3470
485 3593
485 3725
485 3737
485 3823
485 3852
486 2259
486 2267
486 2277
486 2284
486 3823
486 3834
486 3855
486 3864
486 3877
487 2392
487 2431
487 2434
487 3710
487 3779
487 3789
487 3796
487 3856
487 3862
488 2614
488 2623
488 3857
488 3892
488 3908
488 3936
488 3941
489 2757
489 2766
489 3801
489 3812
489 3828
489 3851
489 3852
490 2894
490 3877
490 3884
490 3905
491 2889
491 2893
491 2895
491 2905
491 2918
491 3978
492 2880
492 2884
492 3967
492 3969
492 3988
492 4011
493 3055
493 3095
493 3927
493 3931
493 3933
493 3941
493 3962
494 3356
494 3364
494 3387
494 3399
494 4023
494 4064
494 4077
494 4091
495 3536
495 3562
495 3616
495 4084
495 4116
495 4118
495 4164
496 3800
496 3832
496 4140
496 4163
496 4164
496 4173
496 4176
496 4188
496 4189
496 4224
496 4281
497 3895
497 3914
497 4328
497 4341
497 4357
497 4369
497 4372
498 4092
498 4104
498 4141
498 4148
498 4405
498 4412
498 4450
498 4463
499 4353
499 4361
499 4369
499 4388
499 4396
499 4429
499 4449
500 4576
500 4588
500 4595
500 4595
500 4597
500 4597
500 4608
500 4611
500 4612
500 4612
500 4619
500 4624
501 4676
501 4685
501 4697
501 4700
501 4702
501 4703
501 4715
501 4726
501 4728
502 4662
502 4675
502 4686
502 4691
502 4693
502 4719
503 4249
503 4702
503 4704
504 4292
504 4307
504 4316
504 4320
505 4324
505 4325
505 4332
505 4340
505 4342
505 4347
505 4351
505 4359
506 4272
506 4278
506 4280
506 4281
506 4283
506 4287
506 4292
506 4296
506 4313
506 4415
507 3548
507 3573
507 3622
507 3850
507 3873
508 3515
508 3518
508 3553
508 3569
508 3781
508 3781
508 3802
508 3805
508 3808
508 3816
508 3817
509 3721
509 3728
509 3832
509 3833
509 3858
510 3749
510 3749
510 3808
510 3816
510 3819
510 3966
510 3974
510 3986
511 3918
511 3943
511 3954
511 3964
511 3968
511 3988
512 4043
512 4077
512 4095
512 4096
512 4100
512 4103
512 4141
513 4176
513 4203
513 4218
513 4228
513 4242
514 4172
514 4187
514 4218
514 4228
514 4229
514 4229
514 4236
514 4266
514 4309
515 4328
515 4338
515 4342
515 4402
516 4455
516 4473
516 4576
516 4645
516 4695
517 4673
517 4717
517 4753
517 4775
517 4777
517 4808
518 4808
518 4814
518 4815
518 4836
518 4889
518 4911
519 4597
519 4606
519 4706
519 4798
519 4801
519 4863
520 4562
520 4610
520 4622
520 4624
520 4625
520 4631
520 4648
520 4759
521 4805
521 4818
521 4822
521 4835
521 4884
521 4926
521 4947
521 5001
522 4922
522 4949
522 4956
522 4965
522 4978
522 4986
522 5004
523 4671
523 4675
523 4807
523 4924
523 4930
523 4991
523 4992
524 4544
524 4561
524 4590
524 4633
524 4645
525 4608
525 4639
525 4643
525 4690
525 4697
526 4805
526 4823
526 4854
526 4857
526 4862
526 4875
527 4870
527 4881
527 4893
527 4900
527 4915
527 4929
527 4934
527 4938
528 4917
528 4947
528 4955
528 4961
528 4972
529 4799
529 4844
529 4853
529 4858
529 4877
529 4878
530 4337
530 4355
530 4359
530 4579
530 4833
530 4833
530 4836
531 4444
531 4449
531 4463
532 4435
532 4465
532 4478
532 4493
532 4504
533 4372
533 4373
533 4382
533 4385
534 3902
534 3917
535 3572
535 3705
535 3792
536 3566
536 3812
536 3824
536 3849
537 3685
537 3687
537 3688
537 3807
537 3841
537 3860
538 3130
538 3203
538 3207
538 3214
538 3595
538 3603
538 3625
538 3779
538 3809
539 3015
539 3022
539 3034
539 3034
539 3520
539 3562
539 3567
540 3166
540 3179
540 3250
540 3675
540 3719
540 3787
541 3306
541 3311
541 3317
541 3813
542 3478
542 3481
542 3818
542 3841
543 3494
543 3534
543 3820
544 3479
544 3545
544 3809
544 3810
544 3817
545 3473
545 3546
545 3816
545 3830
546 3516
546 3530
546 3814
546 3818
546 3867
547 3623
547 3651
547 3682
547 3690
547 3884
547 3898
547 3907
547 3969
548 3762
548 3770
548 3783
548 3924
548 3928
548 3936
549 3825
549 3826
549 3831
550 3841
550 3842
550 3856
550 3860
550 3875
551 3902
551 3918
551 3921
551 3923
551 3931
552 3942
552 3944
552 3947
552 3954
553 3742
553 3748
553 3755
553 3802
553 3848
553 3887
554 3903
554 3912
554 3923
554 3925
554 3925
554 3931
555 3970
555 3989
555 3996
555 4020
555 4063
556 3839
556 3840
556 3852
556 3908
556 3923
557 3950
557 3960
557 3962
557 3978
557 3981
557 4035
558 4175
558 4252
558 4267
558 4275
559 4207
559 4353
559 4363
560 4247
560 4265
560 4279
560 4375
560 4423
561 4369
561 4397
561 4558
562 4612
562 4617
562 4618
562 4643
562 4708
562 4741
563 4740
563 4799
564 4917
564 4931
564 4931
564 4946
565 5082
565 5138
565 5143
565 5146
565 5167
566 5298
566 5312
566 5394
566 5399
567 5372
567 5387
567 5403
567 5410
567 5413
567 5440
568 5396
568 5428
568 5436
569 5533
569 5534
569 5541
569 5581
569 5609
570 5594
570 5596
570 5629
571 5504
571 5519
571 5525
571 5537
572 5538
572 5547
572 5554
573 5384
573 5452
573 5491
574 5255
574 5260
574 5268
574 5306
574 5312
574 5317
574 5350
574 5381
574 5385
575 5199
575 5217
575 5229
