0 13.0
0 16.1
0 16.3
0 1.83
0 5.46
0 5.95
1 1.44
1 16.0
1 2.33
1 2.80
1 3.42
1 3.63
1 6.56
2 0.369
2 1.01
2 2.29
2 2.74
2 2.98
2 5.90
2 9.89
3 0.699
3 1.63
3 1.83
3 2.08
3 2.12
3 5.39
3 9.56
4 1.32
4 1.44
4 1.64
4 1.96
4 2.67
4 2.93
4 3.20
5 0.703
5 0.940
5 2.07
5 2.13
5 2.70
5 3.98
5 4.17
6 12.0
6 2.24
6 3.54
6 6.88
6 7.00
6 7.48
7 0.630
7 0.757
7 2.26
7 27.2
7 2.93
7 5.91
7 8.09
8 2.91
8 2.94
8 3.33
8 4.55
8 4.72
8 5.24
8 8.66
9 1.69
9 1.78
9 1.98
9 2.19
9 2.72
9 3.53
9 3.93
10 0.455
10 0.806
10 0.821
10 1.76
10 1.97
10 2.42
10 6.17
11 1.55
11 15.7
11 1.60
11 1.93
11 2.79
11 4.39
11 8.05
12 1.49
12 2.27
12 2.32
12 2.43
12 2.49
12 4.26
12 4.69
13 0.584
13 1.17
13 1.41
13 1.96
13 2.05
13 3.85
13 5.79
14 1.00
14 1.14
14 1.96
14 1.96
14 2.88
14 3.36
14 6.38
15 0.478
15 0.847
15 1.24
15 1.72
15 17.3
15 1.91
16 0.965
16 18.3
16 1.93
16 2.31
16 2.44
16 3.80
16 4.44
17 0.445
17 0.514
17 1.41
17 1.41
17 2.89
17 4.03
17 5.65
18 0.465
18 0.800
18 1.17
18 1.66
18 2.02
18 3.45
18 4.84
19 0.823
19 1.15
19 1.17
19 1.77
19 2.44
19 2.83
19 3.26
20 1.52
20 20.6
20 2.15
20 2.54
20 2.82
20 2.83
20 2.91
21 0.425
21 0.885
21 1.69
21 6.12
21 8.47
22 10.1
22 17.7
22 2.34
22 3.54
22 3.72
22 4.46
23 10.7
23 1.08
23 11.6
23 14.4
23 18.6
23 2.03
23 21.0
24 1.45
24 1.85
24 2.74
24 3.07
24 4.11
24 4.84
24 6.17
25 12.9
25 1.56
25 2.20
25 2.32
25 3.51
25 3.85
25 5.02
26 0.814
26 0.821
26 1.27
26 2.25
26 2.98
26 5.09
26 9.70
27 0.369
27 1.19
27 1.45
27 3.98
27 3.98
27 5.38
27 5.77
28 0.384
28 0.683
28 0.981
28 1.30
28 14.2
28 16.1
28 9.62
29 0.403
29 0.592
29 1.39
29 2.04
29 3.10
29 3.35
29 3.68
30 1.40
30 35.8
30 3.84
30 4.65
30 5.66
31 0.461
31 0.628
31 0.790
31 1.41
31 14.7
31 1.94
31 3.02
32 0.948
32 1.68
32 16.8
32 2.42
32 2.78
32 3.18
32 3.43
33 2.79
33 2.97
33 3.43
33 3.81
33 3.93
33 4.15
33 5.71
34 0.846
34 1.09
34 2.52
34 2.98
34 3.56
34 3.96
34 8.57
35 1.60
35 1.81
35 1.98
35 2.01
35 2.59
35 4.58
35 7.31
36 0.502
36 1.40
36 1.93
36 2.59
36 3.57
36 3.95
36 5.11
37 1.10
37 12.2
37 2.21
37 2.67
37 2.91
37 3.12
38 0.641
38 1.11
38 1.94
38 2.15
38 22.3
38 6.00
38 6.73
39 14.2
39 2.01
39 24.7
39 2.92
39 5.89
40 0.749
40 1.27
40 20.5
40 3.11
40 3.15
40 3.37
40 7.68
41 1.06
41 1.58
41 2.88
41 3.19
41 3.32
41 3.62
41 6.54
42 13.4
42 2.01
42 22.3
42 3.51
42 4.74
42 8.11
42 8.55
43 2.12
43 2.98
43 3.02
43 3.34
43 4.60
43 4.61
43 5.78
44 0.979
44 1.21
44 1.69
44 3.08
44 3.44
44 5.38
44 9.19
45 0.447
45 0.496
45 0.609
45 0.932
45 1.43
45 2.18
45 3.00
46 1.62
46 2.58
46 3.08
46 4.31
46 5.01
46 7.59
47 10.5
47 1.58
47 2.45
47 3.33
47 4.00
47 5.42
47 8.51
48 0.656
48 1.29
48 13.0
48 14.0
48 1.69
48 1.87
48 4.36
49 1.62
49 1.84
49 2.81
49 5.70
49 6.82
49 9.76
50 0.862
50 1.33
50 1.47
50 1.89
50 2.25
50 26.7
50 3.92
50 4.71
51 1.79
51 2.21
51 3.25
51 5.06
51 7.10
51 7.88
51 9.69
52 1.10
52 1.47
52 2.41
52 2.60
52 2.86
52 3.25
52 4.09
53 1.06
53 1.67
53 2.04
53 2.32
53 3.29
53 4.38
53 5.46
54 0.614
54 0.840
54 10.9
54 3.55
54 3.59
54 4.42
54 8.85
55 1.50
55 2.18
55 2.47
55 3.39
55 9.09
55 9.62
56 0.379
56 1.08
56 1.10
56 1.67
56 4.65
57 0.392
57 1.45
57 1.96
57 2.03
57 2.37
57 5.75
58 10.5
58 10.6
58 4.79
58 5.03
58 5.28
58 6.68
59 0.504
59 0.838
59 10.5
59 2.03
59 2.29
59 2.74
59 2.84
60 13.2
60 2.26
60 2.82
60 2.99
60 3.68
60 3.81
60 4.51
61 1.16
61 13.4
61 1.64
61 2.04
61 5.37
61 9.48
61 9.78
62 2.99
62 3.04
62 3.27
62 3.40
62 3.95
62 4.04
62 4.64
63 0.932
63 1.09
63 2.44
63 2.92
63 3.55
63 5.23
63 8.19
64 0.790
64 2.19
64 2.74
64 2.82
64 3.33
64 5.54
65 1.66
65 18.7
65 1.88
65 2.11
65 22.7
65 3.42
65 4.74
66 1.72
66 17.5
66 19.8
66 2.10
66 2.44
66 26.1
66 4.62
67 2.00
67 3.21
67 3.41
67 3.73
67 4.05
67 5.18
67 5.44
68 1.32
68 14.1
68 18.2
68 1.90
68 2.09
68 3.51
68 3.68
69 0.566
69 0.640
69 1.29
69 2.12
69 2.36
69 3.67
69 3.93
70 1.18
70 1.28
70 12.9
70 18.3
70 2.64
70 3.74
70 5.90
71 0.428
71 0.477
71 0.569
71 14.4
71 1.45
71 14.7
71 3.96
72 11.0
72 2.13
72 2.46
72 2.92
72 2.95
72 3.46
72 7.49
73 10.1
73 26.6
73 3.09
73 6.10
73 6.27
73 6.31
73 6.91
74 10.3
74 1.17
74 1.90
74 3.45
74 6.14
74 6.41
74 7.37
75 12.5
75 1.95
75 3.08
75 3.35
75 4.45
75 5.41
75 9.67
77 1031
77 1032
77 862
77 964
78 0.971
78 100
78 100
78 1.84
78 3.19
78 3.64
78 47.1
79 0.440
79 0.600
79 0.864
79 8.15
80 13.8
80 1.85
80 4.01
80 4.13
80 5.18
80 8.32
81 11.9
81 2.13
81 2.33
81 2.47
81 2.57
81 8.64
82 1.07
82 1.24
82 13.3
82 3.10
82 3.83
82 5.98
82 6.22
83 10.1
83 1.33
83 1.53
83 1.80
83 2.01
83 2.69
83 7.80
84 1.34
84 1.46
84 1.98
84 2.08
84 3.54
84 4.47
84 9.52
85 0.591
85 1.30
85 1.44
85 1.56
85 1.91
85 3.77
85 8.76
86 0.689
86 1.15
86 1.76
86 2.31
86 2.90
86 3.28
86 8.94
87 0.416
87 1.47
87 1.82
87 2.10
87 2.90
87 4.36
88 0.878
88 1.18
88 1.63
88 1.86
88 2.39
88 3.12
88 3.38
89 0.728
89 1.22
89 3.55
89 3.71
89 3.75
89 4.74
89 5.48
90 0.718
90 0.969
90 0.976
90 1.07
90 2.69
90 5.28
90 5.44
91 0.866
91 12.4
91 1.48
91 3.32
91 3.48
91 4.08
91 6.00
92 0.407
92 1.55
92 3.53
92 3.75
92 3.93
92 8.86
92 8.90
93 0.358
93 0.358
93 1.57
93 1.64
93 1.80
93 2.58
93 3.52
94 0.430
94 1.44
94 1.55
94 1.61
94 1.97
94 2.25
94 2.52
95 0.336
95 0.357
95 0.382
95 10.4
95 13.7
95 1.44
95 1.89
96 0.424
96 1.07
96 1.49
96 1.66
96 2.11
96 4.03
96 7.95
97 1.38
97 14.1
97 1.51
97 3.15
97 6.07
97 7.67
97 8.62
98 0.763
98 1.21
98 13.3
98 1.96
98 2.61
98 3.17
98 3.41
99 0.438
99 0.766
99 0.823
99 1.95
99 2.43
99 4.69
100 1.05
100 1.14
100 3.31
100 5.16
100 6.81
100 9.22
101 0.405
101 0.956
101 0.970
101 1.74
101 17.7
101 2.15
101 2.24
102 0.581
102 1.74
102 2.08
102 4.41
102 4.84
102 5.63
102 8.10
103 0.522
103 0.753
103 1.32
103 3.29
103 4.50
103 5.08
103 5.41
104 1.02
104 1.16
104 1.47
104 1.74
104 2.84
104 3.19
104 5.45
105 0.450
105 0.597
105 0.671
105 2.57
105 4.28
105 4.36
105 5.60
106 0.774
106 2.72
106 3.53
106 4.21
106 6.77
106 9.19
107 2.21
107 2.39
107 26.3
107 4.77
107 6.26
107 6.30
108 0.743
108 1.83
108 2.15
108 4.28
108 4.79
108 5.68
108 8.68
109 1.33
109 15.3
109 2.21
109 2.39
109 3.90
109 4.36
109 6.14
110 0.649
110 1.29
110 16.3
110 1.65
110 16.7
110 3.03
110 4.02
111 12.4
111 1.58
111 18.4
111 3.03
111 3.15
111 3.35
111 9.51
112 10.8
112 1.17
112 1.17
112 1.85
112 2.40
112 2.53
112 2.69
113 1.00
113 10.4
113 14.8
113 15.6
113 3.90
113 4.07
113 9.73
114 0.543
114 12.2
114 1.78
114 2.84
114 2.84
114 2.93
114 6.65
115 2.19
115 3.22
115 3.40
115 4.67
115 4.74
115 6.00
115 7.39
116 10.2
116 1.44
116 2.98
116 3.79
116 4.15
116 5.25
116 5.58
117 0.632
117 1.24
117 2.15
117 3.98
117 5.65
117 5.65
118 0.476
118 1.12
118 1.32
118 1.81
118 2.43
118 7.17
118 9.08
118 9.83
119 0.401
119 0.631
119 0.648
119 0.649
119 7.34
119 8.81
119 8.94
120 0.444
120 0.632
120 1.15
120 1.52
120 1.78
120 4.79
121 1.64
121 1.83
121 1.88
121 2.14
121 2.49
121 4.74
121 6.98
122 1.63
122 1.94
122 2.24
122 3.25
122 3.27
122 4.07
122 4.99
123 0.801
123 0.978
123 1.96
123 2.29
123 2.44
123 2.47
123 32.6
124 0.331
124 0.350
124 0.920
124 1.53
124 1.60
124 2.47
125 10.6
125 2.22
125 2.24
125 4.03
125 5.96
125 6.34
125 6.41
126 0.722
126 0.999
126 1.40
126 1.88
126 2.71
126 3.11
126 3.95
127 1.18
127 12.5
127 1.71
127 2.54
127 3.74
127 5.16
127 6.97
128 13.0
128 2.48
128 2.78
128 3.32
128 4.44
128 4.85
128 6.72
129 0.465
129 0.489
129 0.657
129 1.22
129 1.81
129 3.89
129 6.63
130 1.08
130 1.98
130 2.65
130 2.97
130 3.81
130 4.00
130 9.81
131 0.350
131 12.5
131 1.49
131 1.80
131 1.90
131 3.60
132 0.902
132 0.925
132 1.90
132 7.01
132 7.99
132 8.30
133 1.19
133 1.68
133 4.57
133 5.01
133 5.02
133 5.98
133 6.71
134 0.545
134 1.47
134 2.17
134 2.77
134 3.20
134 3.32
134 9.41
135 11.7
135 1.27
135 14.5
135 1.50
135 4.38
135 5.04
135 5.94
136 0.520
136 1.30
136 13.2
136 2.09
136 2.37
136 7.60
136 8.35
137 0.680
137 0.847
137 11.9
137 3.56
137 3.74
137 4.40
137 6.74
138 0.403
138 1.13
138 1.42
138 2.03
138 2.37
138 2.48
138 3.03
139 0.674
139 1.71
139 4.04
139 5.31
139 5.73
139 5.85
140 1.44
140 2.03
140 2.05
140 2.12
140 2.77
140 4.03
140 9.41
141 1.12
141 1.50
141 2.11
141 4.60
141 5.74
141 6.49
141 7.63
142 0.359
142 0.791
142 1.04
142 2.02
142 3.60
142 6.01
142 9.00
143 0.439
143 0.517
143 1.38
143 1.99
143 2.14
143 3.98
143 7.09
144 0.566
144 0.639
144 0.829
144 0.892
144 0.927
144 1.21
144 2.98
145 15.7
145 16.3
145 1.95
145 2.32
145 4.99
145 6.91
145 8.74
146 0.352
146 0.571
146 1.12
146 12.7
146 1.79
146 3.48
146 6.41
147 0.408
147 0.934
147 0.951
147 1.08
147 2.11
147 4.31
148 1.26
148 1.31
148 13.7
148 1.39
148 1.48
148 2.56
148 5.13
149 15.4
149 1.66
149 1.69
149 1.84
149 2.25
149 3.54
149 3.80
150 0.808
150 0.827
150 1.21
150 1.88
150 23.3
150 23.5
150 3.16
151 10.0
151 1.74
151 2.93
151 3.33
151 4.85
151 7.47
151 8.14
152 11.7
152 13.6
152 1.58
152 2.58
152 2.86
153 402
153 577
153 5.83
153 636
154 0.363
154 0.512
154 1.05
154 1.23
154 3.72
154 4.36
155 0.679
155 0.833
155 1.17
155 11.9
155 1.34
155 2.73
156 0.340
156 0.714
156 1.08
156 1.09
156 2.33
156 2.50
156 2.76
156 5.75
156 7.26
157 11.7
157 2.27
157 3.76
157 3.91
157 4.39
157 4.88
157 5.82
157 7.59
157 8.15
158 12.3
158 16.9
158 1.73
158 20.4
158 2.42
158 28.3
158 3.47
158 3.68
158 3.74
158 6.15
159 13.8
159 2.12
159 2.29
159 30.9
159 3.38
159 35.2
159 4.51
159 5.24
159 7.09
159 8.41
160 12.8
160 16.4
160 20.3
160 22.1
160 24.3
160 3.26
160 4.47
160 4.76
160 7.73
160 8.85
161 0.614
161 11.6
161 11.8
161 1.78
161 2.29
161 2.64
161 3.69
161 6.20
161 6.45
161 6.59
162 14.0
162 2.16
162 2.20
162 22.6
162 2.52
162 7.00
163 0.609
163 0.959
163 20.2
163 20.3
163 2.52
163 25.6
163 27.9
163 33.1
163 6.11
163 6.30
164 0.692
164 1.18
164 1.81
164 2.11
164 2.30
164 2.55
164 33.1
164 3.48
164 3.92
164 5.36
165 0.517
165 1.70
165 2.52
165 2.79
165 5.21
165 52.9
165 5.76
165 6.41
166 0.806
166 13.4
166 1.73
166 17.6
166 18.3
166 22.9
166 3.32
166 3.96
166 3.97
166 4.72
167 1.00
167 1.19
167 1.22
167 16.4
167 2.65
167 3.80
167 4.43
167 4.52
167 5.19
167 7.38
168 0.580
168 10.8
168 20.6
168 23.0
168 35.0
168 36.3
168 5.26
168 6.83
168 7.41
168 7.64
169 10.7
169 24.4
169 2.71
169 3.04
169 3.46
169 3.63
169 4.26
169 4.41
169 4.41
169 4.48
169 7.38
170 0.670
170 10.0
170 11.5
170 14.5
170 2.89
170 3.19
170 3.49
170 4.37
170 46.6
170 5.84
170 6.34
171 0.738
171 17.4
171 2.16
171 22.3
171 2.30
171 37.6
171 3.79
171 5.40
171 5.42
171 6.04
172 0.521
172 1.08
172 2.47
172 2.69
172 2.82
172 4.79
172 6.31
172 7.21
173 1.10
173 13.7
173 14.6
173 19.1
173 19.2
173 19.3
173 19.4
173 28.7
173 2.93
173 5.46
174 1.68
174 22.6
174 2.88
174 3.27
174 3.40
174 3.60
174 4.63
174 5.38
174 5.41
174 5.59
174 8.88
175 0.362
175 1.43
175 1.62
175 1.84
175 2.34
175 2.63
175 3.03
175 3.77
175 8.15
176 12.8
176 13.3
176 17.4
176 3.06
176 3.25
176 4.68
176 4.99
176 5.19
177 0.717
177 0.717
177 1.28
177 1.64
177 2.99
177 3.27
177 4.15
177 4.62
177 4.94
177 7.89
177 8.43
178 13.7
178 1.62
178 2.12
178 3.41
178 3.85
178 5.80
178 5.84
178 6.13
178 7.51
179 11.7
179 14.0
179 1.53
179 22.9
179 23.0
179 26.4
179 3.29
179 5.40
179 5.80
179 9.23
180 10.0
180 1.07
180 11.6
180 12.2
180 1.32
180 25.3
180 3.78
180 6.07
180 7.02
181 24.5
181 2.79
181 2.98
181 3.26
181 3.26
181 3.99
181 4.21
181 6.09
181 6.40
181 7.12
182 15.8
182 17.7
182 1.89
182 3.02
182 3.27
182 3.52
182 5.34
182 7.52
182 8.45
182 9.39
183 15.0
183 1.51
183 24.0
183 2.86
183 31.2
183 3.14
183 3.62
183 4.00
183 4.07
183 6.22
183 8.99
184 0.778
184 12.2
184 1.77
184 1.77
184 2.74
184 2.93
184 4.50
184 7.12
184 7.76
185 11.3
185 16.6
185 1.83
185 2.18
185 2.28
185 2.66
185 32.4
185 5.93
185 6.23
185 7.59
185 8.48
186 11.1
186 1.56
186 22.1
186 26.0
186 3.45
186 5.11
186 9.70
187 10.6
187 12.0
187 2.60
187 3.86
187 4.20
187 8.27
187 8.49
187 8.88
188 10.7
188 2.36
188 5.15
188 5.51
188 7.11
188 7.17
188 8.01
188 8.79
189 15.1
189 16.6
189 18.3
189 20.5
189 2.22
189 2.49
189 3.29
189 35.7
189 4.41
189 6.14
189 8.37
190 13.6
190 2.62
190 2.72
190 5.04
190 5.24
190 6.35
190 6.68
190 8.58
191 0.555
191 10.9
191 13.4
191 1.99
191 2.16
191 3.79
191 4.07
191 4.10
191 7.38
192 10.3
192 1.59
192 2.14
192 3.26
192 48.0
192 5.24
192 5.28
192 5.61
192 57.9
192 9.98
193 10.9
193 13.4
193 13.7
193 22.7
193 3.91
193 4.65
193 5.35
193 9.70
193 9.97
194 10.7
194 1.56
194 2.64
194 27.3
194 30.0
194 32.0
194 4.34
194 5.46
194 6.14
194 6.18
194 6.33
195 0.756
195 12.7
195 17.5
195 18.8
195 24.4
195 3.02
195 3.17
195 3.98
195 6.89
196 16.8
196 24.6
196 4.43
196 5.60
196 5.61
196 5.68
196 6.02
196 7.31
196 9.79
197 0.573
197 10.6
197 16.9
197 1.82
197 1.89
197 2.63
197 3.35
197 44.4
197 9.99
198 10.4
198 17.5
198 19.1
198 2.01
198 20.6
198 3.13
198 5.65
198 7.05
198 7.56
198 8.38
199 22.7
199 3.18
199 3.75
199 4.13
199 4.21
199 4.39
200 3.00
200 41.2
200 5.44
200 6.65
200 7.04
200 7.42
200 7.53
200 9.82
201 18.5
201 18.7
201 20.4
201 28.2
201 4.80
201 5.05
201 5.10
201 6.84
202 12.7
202 12.8
202 2.38
202 3.06
202 3.13
202 4.37
202 7.31
202 7.38
202 8.43
203 0.677
203 1.16
203 1.58
203 2.00
203 3.31
203 4.14
203 4.42
203 5.12
203 7.55
203 7.73
204 0.421
204 1.05
204 1.30
204 20.9
204 23.6
204 2.71
204 3.55
204 3.63
204 3.83
204 4.37
205 0.576
205 1.40
205 18.4
205 2.19
205 4.14
205 4.20
205 8.03
205 8.49
206 10.6
206 12.2
206 13.4
206 2.13
206 2.34
206 2.48
206 34.0
206 5.00
206 5.70
206 7.74
207 0.951
207 10.3
207 11.4
207 13.4
207 2.45
207 4.28
207 4.83
207 6.21
207 7.57
207 8.89
208 15.3
208 19.7
208 2.01
208 20.6
208 23.3
208 5.21
208 5.83
208 6.20
209 11.4
209 13.7
209 15.6
209 16.4
209 1.73
209 1.81
209 2.73
209 3.01
209 3.14
209 4.60
209 5.68
210 11.8
210 13.1
210 15.2
210 16.1
210 28.1
210 2.95
210 32.1
210 5.08
210 75.9
210 8.38
211 1.73
211 21.4
211 2.22
211 3.14
211 3.79
211 5.65
211 5.72
211 6.93
211 7.99
211 9.15
212 11.1
212 13.5
212 1.40
212 18.1
212 22.0
212 2.25
212 2.32
212 3.68
212 4.69
212 4.84
212 4.92
213 0.761
213 11.1
213 12.2
213 19.5
213 3.41
213 3.72
213 6.18
213 7.64
213 8.72
214 1.22
214 13.0
214 16.4
214 16.9
214 22.6
214 23.4
214 28.1
214 2.99
214 4.29
214 5.54
214 7.77
215 12.4
215 14.5
215 2.09
215 2.42
215 3.08
215 4.91
215 5.55
215 6.38
216 1.00
216 10.6
216 17.0
216 1.87
216 2.47
216 2.58
216 2.73
216 3.53
216 4.30
216 7.93
216 9.23
217 11.4
217 12.8
217 13.7
217 21.0
217 2.89
217 8.09
217 9.85
218 0.945
218 18.4
218 1.85
218 24.7
218 3.00
218 4.06
218 4.12
218 4.69
218 5.29
219 0.846
219 12.9
219 19.9
219 3.02
219 4.67
219 4.74
219 5.81
220 10.9
220 12.1
220 12.6
220 13.4
220 1.82
220 20.9
220 4.32
220 6.44
221 11.0
221 19.3
221 2.82
221 29.7
221 31.6
221 3.49
221 6.28
221 6.82
221 9.14
221 9.52
222 11.2
222 16.1
222 1.81
222 19.7
222 2.40
222 2.50
222 2.61
222 4.11
222 4.53
222 5.20
223 1.81
223 18.8
223 3.03
223 3.21
223 3.61
223 4.04
223 4.69
223 4.81
223 5.62
223 7.62
223 7.70
224 1.11
224 11.7
224 1.88
224 2.01
224 2.38
224 2.42
224 3.15
224 3.85
224 9.18
225 0.846
225 11.0
225 2.33
225 2.70
225 2.84
225 3.51
225 4.52
225 4.55
225 4.93
225 4.98
225 6.23
226 0.609
226 11.7
226 13.9
226 13.9
226 17.4
226 1.79
226 21.1
226 2.69
226 6.23
226 8.33
227 1.54
227 1.58
227 17.8
227 2.38
227 4.45
227 4.51
227 7.33
227 7.65
227 8.01
227 8.44
228 11.1
228 11.2
228 16.5
228 4.07
228 6.30
228 6.92
228 7.45
228 8.99
229 10.9
229 1.85
229 2.16
229 3.02
229 7.45
229 8.49
229 8.74
230 10.1
233 1243
233 1310
233 1333
233 1356
233 1754
233 1773
233 1858
233 1886
233 1933
233 1937
233 1942
233 2356
233 2361
234 1107
234 1171
234 175
234 431
234 4.42
234 44.8
234 506
234 5.25
234 555
234 580
234 7.77
234 9.80
235 10.6
235 19.0
235 2.00
235 20.6
235 21.1
235 23.1
235 5.62
235 7.39
235 7.93
235 8.39
236 13.6
236 16.5
236 17.5
236 18.9
236 52.8
236 53.6
236 54.4
236 59.0
237 12.9
237 12.9
237 13.1
237 19.5
237 22.4
237 3.19
237 5.67
237 8.51
237 8.75
237 9.94
238 15.7
238 20.7
238 55.9
238 5.70
238 60.8
238 7.75
238 81.7
238 87.9
239 10.1
239 11.6
239 22.0
239 27.0
239 64.6
239 7.46
239 7.66
239 83.7
240 12.2
240 13.2
240 15.3
240 1.72
240 19.9
240 8.50
240 9.12
241 14.4
241 20.7
241 21.9
241 4.95
241 4.97
241 5.77
241 7.41
241 8.11
241 8.35
242 10.5
242 11.2
242 13.4
242 15.0
242 33.4
242 33.4
242 3.88
242 66.9
242 6.74
242 79.9
243 136
243 13.9
243 17.5
243 21.3
243 27.0
243 27.1
243 33.6
243 38.7
243 44.6
243 67.7
243 80.3
243 8.35
244 10.0
244 12.7
244 14.6
244 21.4
244 22.2
244 24.1
244 33.9
244 36.3
244 6.71
244 6.98
244 7.11
244 7.96
245 10.0
245 12.8
245 14.4
245 16.1
245 19.3
245 3.95
245 4.17
245 5.60
245 6.94
245 9.01
246 12.0
246 12.0
246 121
246 160
246 20.2
246 28.7
246 3.13
246 7.11
246 7.50
246 8.88
247 21.0
247 25.4
247 32.3
247 3.64
247 5.06
247 5.95
247 6.24
247 7.01
247 8.33
247 9.45
248 10.2
248 15.4
248 20.3
248 22.4
248 26.7
248 27.3
248 57.0
248 8.80
249 13.4
249 16.2
249 17.0
249 19.8
249 23.3
249 27.7
249 7.87
250 10.3
250 11.3
250 24.8
250 48.6
250 5.12
250 5.75
250 5.94
250 7.42
250 8.41
251 18.1
251 18.1
251 20.1
251 22.5
252 11.3
252 11.6
252 20.5
252 22.2
252 35.2
252 4.14
252 43.9
252 4.94
252 5.23
252 7.88
253 10.3
253 11.3
253 12.4
253 12.6
253 32.3
253 5.23
253 7.33
253 7.45
253 87.4
254 13.2
254 13.4
254 6.71
254 8.05
255 10.2
255 35.9
255 54.3
255 63.9
255 81.5
255 9.53
255 9.89
256 13.8
256 29.0
256 31.6
256 3.66
256 4.60
256 55.7
256 7.06
257 17.2
257 17.5
257 21.2
257 29.0
257 38.8
257 42.9
257 5.37
257 65.0
257 65.2
257 9.67
258 6.08
258 60.8
258 6.85
258 8.94
258 8.98
258 9.02
259 22.5
259 22.8
260 15.7
260 30.6
260 38.8
260 52.8
260 54.0
260 58.9
260 73.2
260 7.64
261 11.5
261 11.7
261 13.1
261 13.3
261 15.0
261 15.9
261 15.9
261 17.9
261 7.83
262 11.4
262 14.7
262 15.2
262 17.5
262 18.7
262 23.9
262 27.5
262 28.5
262 29.0
262 71.6
262 71.6
262 8.47
262 9.36
263 12.5
263 14.4
263 16.4
263 23.1
263 27.5
263 28.0
263 9.22
264 13.8
264 3.67
264 37.6
264 46.1
264 46.5
264 53.9
264 5.73
264 61.4
264 61.7
264 81.8
265 13.8
265 36.9
265 5.87
265 6.63
265 7.32
265 9.46
265 9.81
266 11.3
266 13.1
266 28.1
266 29.0
266 30.7
266 6.00
266 60.7
266 6.24
266 6.93
266 8.20
266 8.39
266 8.83
266 9.05
267 13.4
267 13.7
267 24.5
267 28.6
267 72.5
267 77.9
267 8.05
267 93.5
267 94.5
267 95.5
268 10.4
268 12.2
268 20.2
268 36.1
268 5.77
268 6.10
268 6.21
268 8.54
268 8.63
268 9.27
269 12.7
269 22.6
269 22.7
269 24.8
269 25.7
269 26.0
269 7.87
269 9.12
270 10.8
270 110
270 20.6
270 21.6
270 30.3
270 30.9
270 31.0
270 3.49
270 80.3
271 12.2
271 12.5
271 12.7
271 12.8
271 13.0
271 15.0
271 17.4
271 17.6
271 46.4
271 6.86
271 68.6
272 10.5
272 10.6
272 22.6
272 28.6
272 47.7
273 111
273 129
273 13.5
273 136
273 13.7
273 13.8
273 145
273 19.3
273 22.6
273 29.1
273 34.1
273 46.2
273 6.89
274 10.4
274 22.5
274 46.9
274 6.70
274 8.66
274 9.10
275 132
275 28.9
275 43.9
275 48.8
275 49.1
276 115
276 24.5
276 31.5
276 34.7
276 35.1
276 35.5
276 36.3
277 12.5
277 22.5
277 22.5
277 35.0
277 3.67
277 5.86
277 6.44
277 6.71
278 12.3
278 24.8
278 25.8
278 25.9
278 31.5
278 53.1
278 76.2
278 94.9
279 12.9
279 16.0
279 2.30
279 27.2
279 3.97
279 4.91
280 12.7
280 21.7
280 25.1
280 31.1
280 7.85
281 25.4
281 30.4
281 35.6
281 5.81
281 66.8
281 7.38
281 7.81
281 8.46
281 8.49
282 10.8
282 15.0
282 19.6
282 25.9
282 25.9
282 2.84
282 34.9
282 36.7
282 53.5
282 6.21
282 6.44
282 6.79
283 13.4
283 14.9
283 17.1
283 25.7
283 26.6
283 26.7
283 27.0
283 33.8
283 34.7
283 36.4
283 56.9
283 67.0
284 18.5
284 24.9
284 29.7
284 31.8
284 35.3
284 49.7
284 55.0
284 8.66
284 9.01
285 22.5
285 3.35
285 43.1
285 59.0
285 6.16
285 62.8
285 69.0
285 7.42
285 8.83
286 11.9
286 13.3
286 13.4
286 15.9
286 26.8
286 6.52
286 79.5
286 79.6
287 10.4
287 11.0
287 129
287 16.0
287 48.9
287 59.1
287 61.1
287 63.0
287 7.56
287 81.2
287 9.65
288 10.6
288 12.5
288 15.7
288 17.8
288 18.0
288 21.7
288 31.8
288 39.7
288 5.89
288 8.68
288 8.80
289 11.0
289 16.1
289 16.3
289 20.9
289 24.4
289 29.9
289 9.11
290 16.1
290 2.82
290 29.9
290 30.1
290 30.8
290 3.12
290 37.7
291 116
291 13.3
291 13.6
291 16.8
291 30.3
291 30.5
291 31.2
291 32.2
291 55.2
291 56.4
291 9.84
292 24.7
292 25.3
292 26.9
292 28.1
292 29.2
292 29.9
292 30.4
292 35.2
292 4.45
292 5.97
292 6.57
293 29.6
293 7.92
293 8.30
293 9.23
294 10.4
294 12.2
294 18.1
294 18.4
294 26.6
294 40.9
294 4.23
294 5.76
294 5.84
294 9.78
295 13.8
295 15.6
295 17.4
295 17.6
295 17.9
295 47.0
295 6.13
295 61.6
295 80.4
295 8.14
296 12.9
296 21.6
296 2.59
296 30.3
296 30.8
296 32.0
296 34.0
296 3.98
296 4.20
297 10.3
297 10.5
297 16.0
297 3.29
297 3.39
297 34.0
297 3.59
297 3.62
297 5.76
297 9.44
298 11.1
298 11.1
298 11.4
298 13.8
298 13.8
298 17.7
298 19.6
298 39.1
298 4.27
298 4.60
298 50.7
298 7.77
298 9.37
298 9.55
299 10.4
299 12.7
299 13.0
299 18.9
299 29.3
299 3.80
299 3.89
300 14.4
300 14.9
300 14.9
300 17.0
300 17.0
300 18.2
300 3.45
300 36.1
300 42.4
300 62.4
300 9.23
301 24.7
301 5.08
301 5.14
301 7.26
301 7.38
301 82.3
301 83.9
301 85.5
301 85.6
301 88.6
302 3.26
302 46.2
302 60.4
302 63.9
302 8.08
302 8.25
302 9.43
303 13.3
303 4.01
303 47.0
303 4.94
303 6.37
304 20.0
304 21.3
304 21.4
304 48.4
304 5.67
304 9.49
305 20.7
305 21.5
305 27.9
305 32.2
305 46.7
305 8.14
306 10.3
306 10.9
306 11.5
306 13.4
306 2.69
306 2.92
306 3.09
306 3.96
306 41.7
306 41.9
306 42.0
306 42.2
306 42.2
306 4.25
306 9.85
307 10.1
307 11.4
307 20.3
307 5.54
307 5.70
307 70.3
307 7.28
307 7.54
307 8.76
308 27.3
308 30.2
308 35.0
308 52.9
308 60.4
308 62.0
308 76.3
309 14.8
309 43.9
309 46.4
309 5.49
309 8.50
310 10.8
310 11.0
310 12.2
310 13.7
310 15.1
310 15.4
310 17.1
310 18.5
310 18.6
310 7.84
310 8.33
310 9.49
311 11.0
311 33.1
311 42.9
311 52.3
311 6.00
311 8.85
311 9.04
312 13.6
312 14.2
312 19.3
312 20.3
312 24.3
312 30.4
312 3.71
312 40.5
312 6.74
313 12.6
313 13.0
313 13.5
313 13.7
313 15.2
313 16.4
313 17.6
313 20.7
313 26.8
313 2.88
313 28.8
314 12.1
314 16.1
314 16.4
314 21.3
314 21.8
314 28.4
314 33.9
314 41.3
314 43.9
314 8.62
315 15.9
315 16.6
315 17.2
315 20.8
315 27.8
315 30.6
315 31.4
315 42.1
316 14.2
316 25.6
316 39.5
316 40.7
316 42.6
316 8.35
317 27.4
317 30.6
317 3.43
317 45.6
317 52.0
317 52.0
317 52.2
318 20.7
318 35.2
318 35.9
