0 10.1
0 103
0 19.2
0 22.7
0 34.0
0 81.7
1 10.5
1 11.6
1 8.02
1 9.00
2 3.52
2 4.26
2 6.08
2 6.41
2 799
2 807
2 875
3 4.28
3 4.65
3 6.12
3 7.83
4 1581
4 1584
4 1593
4 1.71
4 2.22
4 6.76
4 7.41
5 13.7
5 15.0
5 2.41
5 7.92
6 11.2
6 13.7
6 14.6
6 17.4
6 2445
6 2452
6 2455
7 15.6
7 3095
7 3109
7 3156
7 6.27
7 8.24
7 8.90
8 2.96
8 3.17
8 4.22
8 8.06
9 1.43
9 2.68
9 4204
9 4236
9 5.36
9 7.79
10 10.6
10 14.7
10 3.67
10 3.77
11 13.0
11 3.03
11 4.88
11 6.78
12 2.10
12 2.18
12 3.19
12 5.06
12 5336
12 5359
13 25.0
13 5.10
13 5.59
13 6.53
14 2.34
14 3.48
14 5.40
14 5.76
14 6558
14 6558
14 6680
15 15.6
15 1.86
15 5.29
15 6.29
16 5.69
16 6.13
16 7.19
16 7.49
16 7739
17 10.2
17 3.22
17 4.83
17 6.34
18 2.57
18 2.70
18 4.38
18 5.94
18 8805
19 11.5
19 13.2
19 6.01
19 6.39
20 12.7
20 31.6
20 8.43
20 8.46
20 9452
20 9488
20 9638
21 12.0
21 31.8
22 0.545
22 10518
22 10518
22 10633
22 11.2
22 11.4
23 0.959
23 2.52
23 7.20
24 11888
24 11892
24 12.0
24 12014
24 15.9
24 3.20
24 3.29
25 24.0
25 27.8
25 28.1
25 5.94
26 10.7
26 10.8
26 12910
26 12912
26 13035
26 2.03
26 2.65
27 0.932
27 1.52
27 1.87
27 3.61
28 12.5
28 1.32
28 2.87
28 3.93
29 14346
29 14346
29 14489
29 1.72
29 2.72
29 3.20
29 6.00
30 20.1
30 4.26
30 5.14
30 6.03
31 0.745
31 15642
31 15645
31 15691
31 26.7
31 4.11
31 6.36
32 1.18
32 4.11
32 4.41
32 4.42
33 16929
33 16942
33 17014
33 6.54
33 6.82
33 6.89
33 7.81
34 1.04
34 4.48
34 4.78
34 7.90
35 2.53
35 3.19
35 3.81
35 3.85
36 3.82
36 3.90
36 4.17
36 4.72
37 10.3
37 10.8
37 8.46
38 11.5
38 22.9
38 27.9
38 3.40
39 15.8
39 16.4
39 17804
39 17840
39 6.10
40 4.04
40 7.24
40 7.46
40 7.55
41 17581
41 17610
41 17611
41 2.90
41 3.37
41 3.62
41 6.79
42 17493
42 3.72
42 3.87
42 4.10
43 10.8
43 12.1
43 17654
43 8.21
43 9.68
44 12.0
44 12.4
44 1.90
44 9.29
45 10.5
45 17648
45 3.94
45 8.67
45 8.72
46 16.8
46 17492
46 21.8
46 24.7
46 3.84
47 0.344
47 3.15
47 3.53
47 4.40
48 1.60
48 17653
48 2.96
48 4.76
48 5.87
49 1.90
49 2.79
49 4.48
49 8.82
50 0.449
50 17486
50 4.38
50 5.36
50 7.15
51 4.71
51 4.81
51 7.53
51 7.61
52 0.658
52 16.5
52 17.0
52 2.01
53 3.78
53 5.15
53 5.78
53 7.54
54 11.6
54 23.0
54 26.0
54 7.73
55 11.6
55 14.9
55 18079
55 2.23
55 2.40
56 18097
56 6.45
56 7.35
56 7.97
56 8.57
57 1.21
57 5.32
57 5.74
57 6.74
58 18155
58 3.56
58 7.49
59 11.1
59 17.8
59 30.2
59 5.42
60 0.445
60 18288
60 18324
60 2.71
60 3.12
60 3.70
61 11.2
61 13.6
61 18368
61 18403
61 18410
61 4.67
61 7.86
62 18420
62 18517
62 3.65
62 4.70
62 6.24
62 6.47
63 18439
63 2.27
63 2.61
63 4.65
63 5.27
64 3.38
64 3.82
64 8.42
65 18605
65 18623
65 4.48
65 9.09
65 9.37
66 1.07
66 1.70
66 18582
66 3.00
66 4.74
67 11.6
67 1.33
67 5.38
67 6.84
68 14.7
68 18474
68 20.1
68 2.50
68 8.04
69 18617
69 3.63
69 4.11
69 4.29
69 6.28
70 16.5
70 18635
70 20.5
70 4.33
70 4.90
71 13.1
71 1.45
71 18614
71 2.06
71 3.52
72 2.22
72 4.24
72 6.43
72 7.87
73 16.9
73 4.11
73 4.36
73 5.33
74 0.443
74 17.9
74 18702
74 2.26
74 7.40
75 11.9
75 18809
75 25.4
75 6.28
76 17873
77 13435
77 15364
77 15368
77 15426
77 16320
77 16386
77 17324
78 13439
78 1.78
78 344
79 1.61
80 0.826
80 14513
80 6.99
81 24.3
81 9.46
82 3.38
82 4.04
83 16047
83 1.71
83 3.57
84 0.651
84 6.65
85 1.80
85 3.37
86 1.70
86 4.79
87 1.65
87 2.59
88 18871
88 4.50
88 8.89
89 0.982
89 3.03
90 1.32
90 20068
90 2.89
91 19.8
91 9.79
92 0.476
92 21242
92 4.08
93 6.29
93 7.60
94 2.83
94 4.74
95 1.34
95 2.53
96 0.776
96 1.47
97 0.730
97 5.19
98 2.39
98 3.07
99 1.48
99 2.35
99 25205
100 1.15
100 4.72
101 1.05
101 10.8
102 10.2
102 26468
102 26684
102 3.74
103 1.57
103 4.40
104 1.30
104 2.58
105 1.44
105 4.99
106 2.69
106 29537
106 29776
106 29994
107 16.7
107 4.92
108 4.16
108 9.76
109 13.9
109 9.31
110 23.0
110 4.86
111 22.0
111 34003
111 34172
112 10.9
112 2.76
112 34474
113 11.8
113 18.7
114 17.6
114 3.45
115 2.58
115 4.07
116 0.998
116 9.74
117 1.23
117 29.2
117 38494
117 38641
117 38998
118 1.52
118 32.3
119 2.05
119 40.2
120 12.7
120 40834
120 41042
120 65.5
121 19.7
121 4.28
122 40323
122 50.4
122 5.51
123 1.78
123 30.3
123 39362
124 0.734
124 18.2
125 10.5
125 31.2
126 7.25
126 8.06
127 12.1
127 75.1
128 2.84
128 57.6
129 1.16
129 17.2
130 1.46
130 4.30
131 0.802
131 7.62
132 11.7
132 30730
132 32.6
133 2.94
133 29896
133 30218
133 30427
133 85.1
134 14.1
134 4.93
135 12.8
135 18.9
135 28047
136 27342
136 32.9
136 5.79
137 2.46
137 9.02
138 25894
138 4.58
138 7.30
139 24909
139 49.9
140 23610
140 2.97
140 47.4
141 12.2
141 23303
141 7.87
142 1.86
142 26.2
143 1.30
143 17.2
143 23295
144 1.65
144 6.22
145 15.3
145 23407
145 39.7
146 2.41
146 60.6
147 2.00
147 7.47
148 23389
148 23392
148 4.50
148 4.80
149 2.22
149 5.39
150 1.66
150 23.1
150 23390
150 23394
151 3.18
151 6.60
152 4.34
153 23679
153 23706
153 24059
154 1124
155 1249
155 23288
156 1502
157 23.0
157 7.26
158 21.8
158 2278
158 23166
158 23320
158 23339
158 35.6
159 23063
159 2747
159 3045
159 6.03
159 6.20
160 19.7
160 22942
160 22992
160 7.89
161 4443
161 5.39
161 6.44
162 16.4
162 63.1
163 22620
163 22643
163 34.5
163 4.09
164 12.2
164 22502
164 22555
164 2.50
165 22441
165 5.49
165 7702
166 12.3
166 22320
166 22369
167 1.71
167 22248
167 22297
167 7.25
168 10413
168 10607
168 35.1
168 6.32
169 13.3
169 16.3
169 22161
170 18.9
170 4.29
171 20514
171 20.7
171 21173
171 21574
171 5.64
172 14094
172 20163
172 20184
172 5.24
172 7.01
173 20779
173 21.2
173 3.29
174 15738
174 15753
174 6.58
174 8.19
175 11.3
175 17642
176 17395
176 17401
177 16439
177 18472
177 2.17
177 5.14
178 2.29
178 3.58
179 14375
179 19.0
179 2.14
180 20824
180 20879
180 33.0
180 6.82
181 41.3
181 7.40
182 12575
182 23.2
183 12376
184 12906
184 1390
184 23964
185 2000
185 25058
186 2772
187 14442
187 26779
187 3023
188 14810
188 3795
188 3882
189 4180
190 4554
191 15812
191 15849
191 29960
191 4990
192 30726
192 5142
193 5581
194 17338
194 32622
194 32786
194 5434
194 5492
195 17735
195 6034
196 6289
197 18724
198 35592
198 36266
198 7138
199 19343
199 19488
200 20401
200 37941
200 7749
201 20954
201 21020
201 21052
201 38097
201 8020
202 8487
203 21396
203 9050
204 41011
204 9045
205 21837
205 42018
205 9712
206 21792
206 9957
207 10397
207 10724
209 21804
209 43220
211 11946
211 21908
212 12356
212 21901
212 36824
212 37978
212 38212
213 21966
213 21966
213 34616
214 13131
214 21964
214 31556
215 30066
216 14145
216 14210
216 22012
216 27136
217 15006
217 22014
219 15673
219 15733
219 18891
219 19093
219 19689
219 20614
220 14969
220 15409
220 17214
221 11075
221 11139
221 21727
221 21960
222 11067
222 11198
222 15273
223 10966
224 11133
224 16200
224 21478
226 11035
226 17073
226 17363
227 11203
227 17967
227 21412
227 21458
227 21481
228 18108
228 21392
229 17985
229 18074
229 21318
231 11201
231 11397
231 19189
231 20042
232 10115
232 10446
232 10914
232 12403
232 12457
232 13547
232 14252
232 14683
232 15197
232 15593
232 17393
232 8613
232 9172
232 9248
233 12031
233 7064
235 11.3
235 12115
235 16.0
236 272
237 11950
240 11709
241 11709
241 11791
241 3920
242 11682
242 11706
242 11709
242 11813
242 13508
242 5201
243 12014
243 12237
244 12601
244 12631
244 12906
245 13001
245 13033
245 15288
246 13051
246 13487
246 8450
247 12846
247 17604
248 11008
248 11823
248 9798
249 9957
249 9970
250 8761
250 8905
251 8968
252 13024
252 9133
253 14076
253 8071
253 8541
253 8606
254 23250
254 23663
254 8241
255 8168
256 7911
257 17238
257 17458
257 25837
257 26098
258 7835
258 8018
259 18591
259 7469
259 7807
260 6796
260 6807
260 6902
260 7106
260 7244
261 29868
261 30028
261 7025
261 7041
262 21518
262 7172
262 7378
263 7373
264 6908
264 6972
265 6783
265 6792
265 6902
265 6925
266 6739
266 6755
266 6784
266 6793
267 25254
267 25255
267 6836
268 26465
269 26614
269 36193
269 7713
269 7780
269 7881
270 7846
270 7866
271 8163
271 8201
271 8204
272 8055
272 8094
272 8125
273 29941
273 39624
274 8736
275 8677
276 30351
276 8521
277 23988
278 16044
278 19246
278 21243
278 8418
278 8478
279 35048
279 35092
280 4249
280 4250
280 8227
280 8279
282 4308
282 8288
282 8294
283 4346
283 8550
284 4302
284 4308
284 4334
284 4391
284 8700
285 40207
285 9288
286 4537
287 41558
287 41559
287 9675
288 41841
288 4508
288 4510
288 9636
289 4452
289 4518
289 9786
290 4244
290 4278
290 9392
290 9540
290 9565
291 9543
291 9563
292 4211
292 9660
293 9149
293 9210
293 9598
294 4215
294 4327
294 4371
294 8834
295 8868
296 42098
296 4392
296 8762
297 9127
298 4242
298 4320
298 8935
298 8961
298 9107
299 42070
299 4323
299 8947
299 8986
300 4235
300 4277
300 4288
300 4312
300 4404
301 4250
301 4331
301 9739
302 9942
303 10081
303 42535
303 4342
303 9951
304 10527
304 4381
305 10215
305 10385
305 4345
305 4391
306 10325
306 10383
306 10401
306 10428
306 4358
306 4390
307 4531
308 4714
308 9717
308 9856
308 9942
309 38962
309 4945
309 5155
309 9997
310 10207
310 10228
311 28370
311 28701
312 24699
312 25542
312 25951
312 26166
312 5534
312 9148
313 20627
313 22912
313 5704
313 5738
313 5838
313 9230
314 18504
314 20045
314 5999
315 11369
315 12848
315 12875
315 13717
315 14630
315 16679
315 5652
315 5742
315 5784
315 8512
315 8617
315 8649
316 5445
316 8261
317 5267
317 5421
317 7883
317 8250
318 5104
318 7475
318 7494
318 7591
318 7796
