0 15.0
0 156
0 158
0 159
0 164
0 223
0 88.8
1 11.9
1 13.9
1 201
1 209
1 216
1 50.3
2 103
2 10.8
2 2.36
2 6.06
2 89.9
2 93.8
3 0.736
3 12.9
3 18.6
3 2.54
3 2.69
3 29.2
3 7.04
4 0.514
4 1.41
4 16.1
4 2.28
4 2.84
4 4.81
4 9.70
5 12.9
5 1.86
5 23.9
5 24.2
5 26.4
5 4.71
5 7.52
6 0.305
6 1.64
6 2.68
6 2.76
6 27.7
6 3.85
6 6.82
7 0.988
7 12.1
7 12.3
7 14.7
7 1.56
7 17.4
7 6.09
8 0.794
8 13.0
8 21.1
8 21.6
8 2.36
8 25.7
8 4.14
9 13.8
9 19.0
9 3.59
9 7.62
9 8.19
9 8.58
10 11.6
10 17.8
10 3.06
10 4.11
10 6.08
10 9.10
11 11.5
11 1.37
11 15.7
11 3.15
11 8.22
11 8.58
12 13.8
12 23.6
12 24.6
12 3.16
12 6.04
12 7.75
12 9.21
13 0.957
13 12.2
13 12.7
13 15.1
13 16.1
13 4.57
13 4.89
14 15.3
14 1.58
14 2.46
14 3.17
14 5.88
14 7.30
14 9.10
15 16.3
15 19.4
15 2.25
15 4.96
15 5.46
15 6.07
15 6.98
16 14.8
16 16.9
16 17.8
16 3.05
16 4.00
16 4.00
16 4.42
17 1.41
17 14.6
17 18.4
17 3.34
17 6.90
17 8.67
17 9.59
18 11.2
18 1.29
18 1.94
18 2.09
18 21.1
18 29.4
18 9.23
19 14.2
19 21.3
19 2.20
19 4.75
19 6.87
19 7.65
19 9.14
20 0.896
20 13.1
20 14.3
20 18.1
20 37.2
20 8.36
20 9.01
21 12.3
21 14.7
21 16.2
21 21.0
21 35.4
21 5.69
21 7.14
22 17.2
22 23.9
22 2.94
22 38.8
22 7.22
22 7.52
22 8.27
23 16.9
23 2.20
23 22.3
23 2.82
23 3.45
23 4.53
23 9.75
24 0.379
24 0.541
24 19.4
24 2.02
24 27.7
24 4.84
24 7.98
25 1.16
25 13.1
25 14.5
25 16.1
25 2.24
25 25.7
25 5.73
26 0.842
26 1.30
26 15.9
26 17.9
26 25.1
26 26.5
26 29.9
27 14.3
27 17.7
27 19.2
27 4.05
27 4.86
27 6.75
27 8.33
28 1.41
28 1.69
28 1.80
28 27.0
28 29.0
28 6.75
29 14.5
29 2.00
29 3.09
29 4.01
29 5.11
29 9.01
30 10.8
30 12.4
30 22.3
30 24.6
30 26.2
30 27.7
31 1.89
31 2.14
31 25.0
31 28.8
31 3.02
31 6.25
31 9.63
32 10.1
32 12.9
32 19.1
32 23.2
32 6.04
32 6.68
32 8.50
33 1.89
33 26.4
33 3.16
33 38.4
33 47.2
33 4.89
33 8.56
34 11.0
34 1.52
34 16.7
34 18.4
34 2.76
34 3.92
34 7.78
35 16.7
35 1.76
35 2.11
35 25.1
35 4.54
35 5.38
35 9.25
36 12.7
36 14.2
36 1.57
36 17.2
36 23.9
36 6.74
36 8.04
37 14.6
37 21.5
37 2.55
37 26.7
37 3.26
37 34.3
37 3.55
38 20.3
38 20.7
38 21.2
38 2.32
38 25.1
38 28.5
38 4.98
39 17.0
39 23.5
39 32.6
39 3.69
39 6.06
39 6.59
39 7.00
40 1.53
40 1.88
40 2.19
40 2.68
40 2.80
40 3.36
40 7.71
41 1.41
41 14.7
41 3.98
41 4.27
41 4.57
41 9.11
41 9.63
42 13.9
42 3.99
42 4.66
42 5.04
42 5.59
42 6.76
42 8.92
43 10.0
43 12.3
43 1.77
43 3.83
43 5.87
43 8.86
43 9.92
44 13.7
44 14.2
44 18.7
44 22.5
44 3.56
44 4.40
44 8.40
45 11.5
45 16.4
45 26.1
45 2.91
45 40.4
45 6.22
45 8.47
46 14.2
46 2.84
46 2.96
46 3.21
46 4.53
46 55.4
47 15.0
47 15.9
47 1.62
47 18.9
47 21.4
47 21.6
47 27.9
48 15.6
48 16.0
48 2.07
48 3.53
48 4.94
48 6.24
48 7.55
49 10.3
49 10.6
49 15.0
49 16.4
49 4.63
49 8.46
49 8.76
50 0.497
50 10.9
50 11.6
50 2.02
50 24.2
50 6.02
50 6.26
51 0.451
51 12.7
51 14.9
51 18.6
51 3.38
51 3.93
51 5.22
52 0.568
52 2.33
52 27.3
52 29.4
53 17.5
53 2.52
53 26.8
53 3.48
53 4.32
53 6.51
53 8.15
54 0.487
54 1.08
54 10.8
54 11.7
54 12.2
54 1.66
54 3.11
55 1.09
55 1.10
55 18.2
55 2.21
55 26.8
55 3.59
55 7.06
56 0.544
56 16.6
56 1.71
56 17.9
56 24.8
56 4.62
56 5.41
57 0.461
57 11.3
57 19.9
57 21.0
57 22.2
57 30.3
57 8.11
58 0.569
58 10.2
58 12.6
58 27.5
58 4.04
58 5.44
58 6.68
59 1.16
59 13.4
59 18.1
59 24.3
59 2.57
59 2.80
59 6.96
60 0.646
60 0.870
60 1.03
60 11.3
60 18.6
60 2.02
60 26.9
61 21.7
61 2.41
61 2.91
61 3.11
61 3.41
61 6.36
61 7.29
62 13.0
62 2.38
62 23.8
62 24.6
62 3.86
62 5.21
62 7.89
63 0.955
63 12.4
63 13.7
63 22.0
63 3.01
63 4.07
63 4.96
64 1.12
64 17.3
64 18.6
64 20.2
64 22.8
64 2.34
64 2.76
65 0.736
65 14.4
65 1.71
65 3.51
65 35.4
65 4.69
65 9.18
66 12.5
66 14.0
66 16.4
66 17.2
66 2.79
66 49.8
66 5.91
67 19.7
67 20.0
67 26.4
67 45.9
67 5.87
67 64.9
68 1.01
68 10.4
68 13.0
68 15.7
68 3.15
68 3.58
68 5.60
69 0.647
69 1.39
69 1.66
69 18.4
69 18.7
69 30.9
69 6.20
70 1.18
70 12.2
70 19.4
70 2.48
70 25.7
70 33.4
70 7.89
71 14.4
71 2.99
71 3.20
71 4.16
71 4.92
71 5.32
71 8.53
72 10.0
72 17.6
72 18.2
72 3.99
72 4.38
72 8.92
73 10.8
73 22.1
73 2.78
73 33.4
73 4.56
73 5.10
73 8.83
74 1.49
74 24.3
74 27.4
74 34.6
74 5.17
74 7.85
75 21.8
75 32.1
75 32.8
75 6.85
75 7.72
77 1469
77 1481
78 1471
78 1472
78 2.50
78 678
78 977
78 979
78 982
79 1.61
79 907
79 907
79 937
80 4.14
80 8.56
80 862
80 862
80 886
81 1.00
81 4.20
81 833
81 839
81 908
81 966
82 1348
82 1394
82 1447
82 5.89
83 13.7
83 1491
83 1493
83 2.86
84 1.11
84 1.69
84 1871
84 1943
84 2001
84 2003
84 2003
85 1.22
85 2376
85 24.1
85 2490
86 2533
86 2534
86 4.04
86 8.71
87 2931
87 2979
87 3058
87 3122
87 3124
87 4.85
87 7.59
88 3474
88 9.23
89 2.25
89 2.88
89 3610
90 0.449
90 2.64
90 4000
90 4063
90 4105
91 0.724
91 4536
91 5.81
92 11.2
92 4605
92 4672
92 4721
92 4721
92 4.74
93 0.396
93 5074
93 5155
93 5218
93 5252
93 5253
93 7.65
94 0.570
94 0.653
94 5565
95 1.95
95 4.19
95 5694
95 5729
95 5773
95 5773
96 0.525
96 1.28
96 6104
96 6212
96 6258
96 6328
96 6328
97 0.938
97 3.98
97 6647
98 17.2
98 1.80
98 6736
98 6775
98 6849
98 6850
99 1.45
99 4.35
99 7228
99 7262
99 7314
100 0.488
100 2.82
100 7386
100 7388
100 7443
100 7447
101 6.82
101 7437
101 7457
101 7466
102 0.928
102 10.8
102 1.23
103 1.05
103 2.84
103 7502
104 0.432
104 0.438
104 7503
104 7510
104 7513
104 7523
105 3.45
105 7473
105 7493
105 7493
105 7514
106 16.3
106 3.22
106 7473
106 7477
106 7495
106 7510
106 7511
107 1.48
107 2.81
107 7472
107 7490
107 7495
108 1.97
108 7489
108 7493
108 7503
108 8.79
109 16.1
109 3.64
109 7472
109 7494
109 7501
110 11.8
110 7458
110 7470
111 5.92
111 7463
111 7474
111 7477
111 7498
112 3.68
112 7471
112 7479
112 7485
112 7485
112 7.49
113 0.787
113 0.863
113 7467
114 1.95
114 4.09
114 7476
114 7479
114 7505
115 4.17
115 7.25
115 7491
115 7496
116 17.6
116 7.45
116 7478
116 7492
117 3.52
117 3.67
117 7490
117 7498
117 7498
118 0.659
118 2.90
118 7489
118 7491
119 0.472
119 3.86
119 7497
119 7498
119 7506
120 2.00
120 4.26
120 7486
120 7492
120 7496
121 3.15
121 6.24
121 7465
121 7475
121 7485
122 2.24
122 7454
122 7465
122 7470
122 7496
123 1.50
123 3.27
123 7463
123 7464
123 7465
124 12.8
124 3.14
124 7463
124 7468
124 7469
124 7476
125 11.4
125 2.37
125 7452
125 7456
126 2.08
126 7453
126 7458
126 7460
126 7462
127 7459
127 7.68
128 0.627
128 7.07
128 7498
128 7504
129 0.952
129 1.85
129 7493
129 7496
129 7518
130 1.36
130 7483
130 7499
130 8.82
131 6.82
131 7497
131 7512
131 8.49
132 5.41
132 7506
132 7510
133 0.998
133 7.25
133 7473
133 7483
133 7495
133 7502
133 7508
134 16.2
134 1.86
135 17.6
135 5.19
135 7477
135 7500
135 7502
136 11.1
136 7470
136 7495
136 7505
136 7508
136 9.67
137 2.05
137 7482
137 7491
138 4.70
138 7503
138 7521
139 4.42
139 7500
139 7500
139 7533
139 7.57
140 12.0
140 3.46
140 7490
140 7493
140 7526
141 5.40
141 6.78
141 7531
142 16.3
142 17.6
142 7531
143 61.8
143 7549
143 7562
143 7567
143 8.71
144 13.0
144 5.95
144 7578
145 10.3
145 11.1
145 7525
145 7539
145 7573
146 3.67
146 7522
146 7540
146 7560
146 7.76
147 2.36
147 4.92
147 7528
147 7551
148 4.48
148 6.90
148 7539
148 7546
148 7557
149 5.78
149 7530
149 7541
149 8.53
150 1.98
150 3.34
150 7475
150 7515
151 0.905
151 2.26
151 7466
151 7481
151 7492
152 3.14
152 7458
152 7494
152 7749
153 4.98
153 7476
153 7497
154 2.15
154 7486
155 1.79
155 7488
155 7494
156 0.455
156 3.56
156 7494
156 7614
156 7656
157 186
157 746
157 764
157 7698
157 7936
158 311
158 497
158 519
158 622
158 732
158 7484
158 7504
158 7902
159 438
159 486
159 6.75
159 7503
159 7513
160 4.04
160 537
160 538
160 555
160 7519
160 7651
161 3.55
161 600
161 619
161 7495
161 7515
161 9.57
162 13.9
162 646
162 7.44
162 7486
162 7489
163 7490
163 816
163 856
163 956
164 7529
164 7594
164 7613
164 7642
164 966
164 966
165 1068
165 1090
165 1109
165 15.9
165 4.08
165 7666
166 1190
166 1217
166 1222
166 3.73
166 4.73
166 7491
166 7495
166 7508
166 7520
167 1332
167 1386
167 1403
167 1408
167 1.42
167 7461
167 7477
167 9.64
168 1525
168 1598
168 19.0
168 7474
168 9.91
169 1595
169 1707
169 26.8
169 7.18
169 7461
169 7486
169 7487
170 1725
170 1755
170 1855
170 7463
170 7480
170 7493
170 9.94
171 1902
171 1923
171 1949
171 5.04
171 7458
171 7458
171 7481
171 7482
171 7.72
172 2059
172 2080
172 2106
172 5.60
172 7462
172 7465
172 7495
172 7495
173 2264
173 2288
173 2294
173 2331
173 7440
173 9.42
173 9.99
174 2406
174 2456
174 2478
174 2489
174 7456
174 7460
174 7468
174 7.48
174 7490
175 2612
175 2695
175 27.0
175 27.4
175 7463
175 7471
175 7472
176 11.7
176 2700
176 2732
176 2822
176 4.01
176 7437
176 7440
176 7466
177 16.4
177 2810
177 2901
177 7441
177 7442
177 7454
177 9.47
178 15.7
178 2830
178 7435
178 7446
178 7459
178 7.77
179 2914
179 7411
179 7430
179 7433
179 7435
179 7442
179 7.58
180 28.9
180 3028
180 3075
180 7411
180 7465
181 1.55
181 23.0
181 3187
181 3250
181 7404
181 7420
181 7440
182 3311
182 3348
182 6.16
182 7429
182 7438
182 8.59
183 3395
183 3436
183 3458
183 7.07
183 7384
183 7390
183 7427
184 3494
184 7406
184 7424
184 7432
184 7437
184 8.34
185 14.0
185 30.1
185 3476
185 7419
185 7424
185 7426
185 7432
186 27.0
186 3624
186 3633
186 3662
186 3697
186 7400
186 7407
186 7429
187 24.5
187 3750
187 3755
187 3760
187 3814
187 6.55
187 7473
188 10.4
188 3850
188 3862
188 3882
188 4.85
188 7420
188 7462
188 7471
188 7493
189 3936
189 3937
189 3942
189 6.12
189 7432
189 7443
189 7.79
190 3995
190 4045
190 4060
190 7411
190 7449
190 7450
190 7464
190 9.51
191 4089
191 4126
191 6.66
191 7482
191 7486
192 4194
192 4220
192 4238
192 48.9
192 7456
192 7481
193 4290
193 4338
193 4339
193 4342
193 4.61
193 7460
193 7483
193 7497
194 4398
194 5.21
194 7476
194 8.06
195 11.9
195 4500
195 4519
195 7460
195 7482
195 7493
196 17.1
196 17.9
196 4401
196 4472
196 4504
196 4519
196 7478
197 12.6
197 4440
197 4466
197 4476
197 7435
197 7494
197 8.24
198 4535
198 4567
198 5.73
198 7485
198 7502
198 7512
198 7.71
199 13.4
199 4604
199 4652
199 4655
199 4700
199 7492
200 16.7
200 4692
200 4797
200 7484
200 7497
200 9.06
201 11.2
201 4782
201 4782
201 4790
201 4852
201 7485
201 7495
201 7502
201 7.79
202 11.2
202 4922
202 4955
202 5.83
202 7459
202 7477
203 34.9
203 5106
203 5111
203 5115
203 7.24
203 7458
203 7477
204 13.4
204 5182
204 5192
204 7460
204 7472
204 7476
205 11.9
205 18.7
205 5298
205 5350
205 7452
205 7470
206 10.9
206 5401
206 5401
206 5472
206 5494
206 7482
206 7492
206 7500
206 9.98
207 11.0
207 12.2
207 5474
207 5475
207 5550
207 7492
208 10.1
208 5597
208 5614
208 5629
208 5702
208 7491
208 7496
209 10.8
209 18.3
209 5740
209 5763
209 5784
209 7458
209 7484
209 7488
209 7498
210 10.8
210 5811
210 5842
210 5865
210 5875
210 7.10
210 7428
210 7453
210 7469
210 7474
211 15.3
211 5831
211 5869
211 5880
211 5884
211 7459
211 8.85
212 17.2
212 5942
212 6037
212 6057
212 7454
212 7460
212 7466
212 7484
212 7493
213 15.7
213 6167
213 6184
213 6198
213 6226
213 7435
213 7449
213 7449
214 6212
214 6258
214 6274
214 7439
214 7472
214 8.03
215 10.1
215 7439
215 7442
216 13.7
216 6408
216 6531
216 7438
216 7445
216 8.26
217 23.7
217 4.37
217 6538
217 6595
217 6619
217 6656
217 7421
217 7436
217 7442
217 7443
218 25.2
218 2.78
218 6653
218 6698
218 6712
218 6775
218 7465
218 7476
219 6.01
219 6872
219 6887
219 7404
219 7435
219 7446
220 29.1
220 3.86
220 6959
220 7019
220 7413
220 7433
220 7437
221 15.4
221 4.99
221 7075
221 7112
221 7157
221 7160
221 7406
221 7419
221 7436
222 7197
222 7206
222 7412
222 7441
222 7449
222 7.78
223 2.78
223 7260
223 7263
223 7270
223 7401
223 7421
223 7425
223 7429
224 10.6
224 6.51
224 7275
224 7372
224 7422
224 7446
225 3.94
225 7424
225 7427
225 7435
225 7444
225 7445
225 7450
225 7463
226 7383
226 7384
226 7445
226 7449
226 7453
226 7461
226 9.32
227 19.8
227 7406
227 7413
227 7419
227 7468
227 7470
228 1.83
228 4.09
228 7374
228 7382
228 7382
229 36.9
229 7416
229 7494
229 7504
229 7525
230 7408
230 7432
230 7528
231 8099
231 8159
231 8190
231 8234
232 8839
232 8853
232 8945
233 7500
233 7828
233 7838
233 7921
233 8230
233 8415
233 8418
233 8517
233 8680
234 7398
234 7406
234 7408
234 7417
234 7472
234 7498
234 7499
234 7525
235 7455
235 7496
235 7502
235 7524
236 7739
236 7797
236 7802
236 7853
237 8033
237 8034
237 8049
237 8112
237 8118
237 8131
238 1385
239 8637
239 9159
240 8925
240 9195
240 9213
240 9309
240 9319
240 9350
241 1934
241 2210
241 2735
241 7637
241 8062
241 8494
241 9114
241 9152
241 9256
242 649
242 7481
242 7501
242 7544
242 7552
242 7558
242 7618
242 7654
242 7711
242 7735
242 7938
242 893
242 938
243 368
243 373
243 401
243 417
243 7403
243 7410
243 7654
243 7710
244 460
244 7776
244 7791
244 7821
244 7874
244 7886
245 398
245 417
245 446
245 475
245 7611
246 431
246 447
246 544
246 7894
246 7914
247 487
247 494
247 539
247 7905
247 7938
247 8019
247 8175
247 8175
247 8189
247 8274
248 543
248 556
248 562
248 7275
248 7340
248 7754
248 7957
248 8116
248 8319
249 638
249 642
249 7423
249 7980
250 598
250 615
250 7327
250 7329
250 7405
250 7465
250 7565
251 597
251 631
251 679
251 7447
251 7465
251 7481
251 7487
252 684
252 7412
252 7438
252 7476
252 7476
252 7516
252 7525
253 714
253 7410
253 7494
253 7495
253 7497
253 767
253 770
253 821
254 7443
254 7454
254 7498
254 7501
254 7504
254 845
254 866
255 7400
255 7414
255 7443
255 7445
255 7493
255 857
255 886
256 7421
256 7440
256 7443
256 7463
256 7518
256 882
256 957
256 970
256 976
257 7460
257 7468
257 7502
257 7505
257 7507
257 7633
257 827
257 937
257 942
258 7439
258 7456
258 7494
258 785
258 798
258 859
258 883
259 7431
259 7490
259 7490
259 7499
259 7502
259 863
259 891
259 900
260 7398
260 7400
260 7410
260 7411
260 7479
261 7421
261 7496
261 7498
261 7507
261 7554
261 808
261 808
261 842
262 7448
262 7534
262 930
262 958
262 959
263 1000
263 7433
263 7438
263 7469
263 7476
263 7488
263 7515
263 956
263 960
263 997
264 7437
264 7464
264 7472
264 7505
264 996
264 998
265 1084
265 1103
265 1114
265 7437
265 7456
265 7461
265 7553
266 1108
266 1166
266 7420
266 7424
266 7437
266 7444
266 7449
266 7478
266 7487
267 1156
267 1161
267 1217
267 7404
267 7408
267 7414
267 7458
267 7467
267 7468
267 7479
268 1230
268 1233
268 1248
268 7416
268 7424
268 7460
268 7464
268 7480
269 1265
269 1289
269 1339
269 7449
269 7469
269 7491
270 1313
270 1316
270 1319
270 7445
270 7451
270 7457
271 1351
271 1367
271 7419
271 7423
271 7429
271 7438
271 7439
271 7452
271 7456
272 1393
272 1431
272 7441
272 7444
272 7450
272 7459
272 7496
273 1371
273 1378
273 1388
273 7449
273 7454
273 7459
273 7494
273 7495
274 1425
274 1442
274 7430
274 7452
274 7496
274 7506
275 1478
275 7470
275 7489
275 7503
275 7508
275 7508
276 1213
276 1376
276 1391
276 7437
276 7470
276 7484
276 7501
276 7524
277 1258
277 1339
277 7486
277 7499
277 7505
277 7524
278 1150
278 1254
278 1365
278 7478
279 7455
279 7457
279 7475
279 7495
279 7503
279 7503
279 7508
279 7521
279 895
280 571
280 705
280 7406
280 7454
280 7457
280 7513
280 771
281 563
281 597
281 614
281 618
281 7462
281 7464
281 7468
281 7516
282 634
282 650
282 7434
282 7457
282 7477
282 7478
282 7511
282 7517
283 492
283 631
283 675
283 7472
283 7498
283 7508
283 7527
283 7541
284 165
284 351
284 428
284 434
284 7406
284 7424
284 7476
284 7483
284 7500
284 7519
285 7467
285 7478
285 94.1
286 22.5
286 48.4
286 7387
286 7442
286 74.7
286 7507
287 26.1
287 7413
287 7438
287 7456
287 7471
287 7471
287 7493
288 32.8
288 36.5
288 7431
288 7439
288 7451
288 7453
288 7470
288 96.1
289 26.7
289 46.5
289 55.7
289 84.0
290 7364
290 7366
290 7424
290 7428
290 7440
290 76.1
290 92.6
291 56.5
291 59.1
291 7427
291 7436
292 41.0
292 41.7
292 7371
292 7433
293 51.2
293 7311
293 7336
293 7341
293 7343
293 7405
293 7411
293 7439
293 7440
294 33.6
294 7395
294 7399
295 34.3
295 59.5
295 7188
295 7290
295 7291
295 7337
295 7351
295 7419
296 38.1
296 41.2
296 7311
296 7356
296 7388
296 7438
296 91.4
297 7254
297 7257
297 7315
297 7370
297 7401
297 7401
297 7410
297 7420
297 93.2
298 42.9
298 7363
298 7390
298 7415
298 7417
298 7446
299 40.6
299 55.5
299 7298
299 7348
299 7417
299 7429
300 53.0
300 7332
300 7348
300 7359
300 7390
300 7434
300 83.5
301 52.8
301 55.4
301 7402
301 7411
301 7411
301 7428
301 7430
301 7450
301 7452
302 70.7
302 7276
302 7371
302 7404
302 7407
302 7413
302 7434
303 33.4
303 72.3
303 7379
303 7392
303 7402
303 7420
303 7448
303 7468
303 89.0
304 3.20
304 7403
304 7469
304 7492
304 78.5
305 58.8
305 62.3
305 7402
305 7407
305 7422
305 77.5
306 3.85
306 7380
306 7388
306 7406
306 7431
306 74.7
306 75.0
306 7501
306 7509
307 111
307 135
307 7422
307 7458
307 7492
308 102
308 23.3
308 46.6
308 7330
308 7438
308 7498
309 13.9
309 7403
309 7468
309 7471
310 43.5
310 58.5
310 7434
310 7441
310 7461
310 7482
310 7484
311 23.2
311 73.2
311 7364
311 7394
311 7414
311 7414
311 7461
312 39.1
312 47.6
312 53.1
312 7377
312 7401
312 7412
312 7484
313 104
313 119
313 49.7
313 7394
313 7416
313 7428
313 7429
313 7453
313 7495
313 7497
313 7517
314 20.1
314 23.8
314 7421
314 7511
314 7518
315 41.5
315 7427
315 7457
315 7527
315 7538
316 23.7
316 50.1
316 7409
316 7421
316 7446
316 7483
316 7487
316 77.7
317 14.6
317 15.0
317 29.5
317 35.2
317 7365
317 7386
317 7406
317 7477
317 7486
318 7423
318 7435
318 7440
318 7506
319 7512
