0 4.19
1 0.303
2 0.566
2 4.65
3 0.327
3 1.51
4 0.917
4 2.39
5 0.277
5 0.839
6 0.334
6 0.695
7 2.30
7 3.37
8 0.756
8 1.46
9 0.461
9 0.535
10 0.658
10 1.47
11 0.526
11 3.48
12 0.432
12 0.492
13 3.12
13 49.1
13 57.3
14 145
14 194
14 210
15 292
15 298
16 470
16 507
17 1079
17 1137
17 810
17 814
17 865
18 1664
18 1666
19 1747
19 2020
19 2070
20 2270
21 2282
22 2291
22 2293
23 2290
24 2278
24 2288
24 2290
25 2276
25 2281
26 2261
26 2263
27 2252
27 2269
28 2265
29 2260
29 2264
30 2256
30 2260
30 2264
30 2266
30 2266
31 2250
31 2250
31 2252
32 2243
33 2245
34 2259
34 2262
35 2269
36 2259
36 2262
36 2266
36 2276
37 2258
37 2265
37 2266
39 2278
39 2283
40 2283
42 2271
42 2275
42 2276
43 2264
43 2265
43 2267
44 2261
44 2263
44 2268
45 2271
45 2271
46 2268
46 2275
46 2277
47 2263
47 2267
47 2270
48 2255
48 2259
49 2249
49 2259
49 2263
51 2271
51 2276
52 2273
52 2274
53 2276
53 2280
53 2282
54 2275
55 2267
55 2271
56 2267
56 2273
58 2263
58 2266
58 2274
59 2266
59 2269
59 2271
60 2265
61 2269
61 2275
61 2278
62 2272
62 2273
62 2276
62 2280
63 2264
63 2266
63 2273
64 2254
64 2259
64 2259
64 2268
65 2245
65 2250
65 2253
65 2256
66 2249
66 2256
66 2257
67 2270
68 2267
68 2275
68 2278
68 2281
69 2257
69 2259
69 2270
69 2273
70 2252
70 2256
70 2260
71 2262
72 2274
72 2280
73 2278
73 2279
74 2272
74 2278
74 2282
75 2266
75 2268
76 2261
76 2262
76 2266
76 2271
77 2256
77 2262
77 2272
78 2254
78 2263
79 2266
79 2269
80 2280
81 2268
81 2276
81 2287
82 2269
82 2270
82 2271
83 2259
83 2269
84 2274
84 2276
86 2274
87 2267
87 2272
87 2275
88 2264
88 2266
88 2277
89 2270
89 2271
90 2273
91 2269
92 2263
92 2271
92 2275
93 2268
94 2261
94 2264
95 2265
95 2271
96 2261
96 2264
97 2261
97 2263
97 2266
98 2266
98 2267
98 2267
99 2273
99 2275
99 2276
99 2277
100 2273
100 2273
100 2275
100 2276
101 2258
101 2268
101 2268
101 2279
102 2261
102 2264
103 2256
103 2256
103 2260
103 2264
104 2267
104 2267
104 2269
105 2263
105 2264
105 2266
106 2275
106 2278
107 2272
107 2272
111 2279
111 2288
112 2278
112 2279
112 2280
113 2271
113 2276
114 2271
114 2272
114 2277
115 2265
115 2267
116 2261
116 2267
117 2256
117 2260
117 2263
118 2259
118 2263
119 2271
119 2275
120 2269
120 2269
120 2274
122 2266
122 2268
122 2271
122 2271
123 2263
123 2264
123 2266
123 2269
124 2260
124 2263
124 2265
124 2272
125 2275
126 2265
126 2275
127 2265
127 2265
127 2275
128 2257
128 2262
129 2264
129 2273
130 2262
130 2268
130 2269
130 2271
130 2273
131 2273
132 2269
132 2272
132 2276
133 2270
133 2272
133 2276
134 2275
135 2270
135 2271
135 2271
136 2263
136 2266
137 2273
137 2276
138 2270
138 2275
138 2281
139 2270
139 2278
140 2268
140 2268
141 2274
141 2274
142 2268
142 2279
143 2267
143 2268
143 2270
144 2264
144 2272
145 2268
145 2272
145 2272
146 2271
146 2271
146 2274
147 2269
147 2281
148 2271
148 2271
148 2278
149 2266
149 2267
150 2269
150 2271
150 2272
151 2269
151 2278
153 2269
153 2273
154 2276
156 2272
156 2278
156 2281
157 2262
157 2264
157 2268
158 2252
158 2253
158 2255
159 2267
160 2270
160 2276
161 2278
161 2282
161 2288
162 2268
162 2270
162 2274
163 2270
163 2270
163 2273
164 2278
165 2262
165 2271
165 2275
166 2260
166 2267
167 2262
167 2269
168 2271
168 2272
168 2274
168 2276
169 2268
170 2264
170 4.03
171 10.0
171 11.4
171 2263
171 2272
171 2273
171 2281
172 0.945
172 2262
172 6.90
172 9.88
173 121
173 130
173 133
173 151
173 2268
174 2276
174 2276
174 2277
175 2278
175 2281
175 2284
175 553
175 578
175 589
175 600
176 1065
176 1080
176 1081
176 1114
176 2275
176 2275
176 2276
176 2278
177 2257
177 2259
177 2264
177 2279
178 1585
178 1598
178 1604
178 1640
178 2265
178 2269
179 2101
179 2118
179 2120
179 2162
179 2260
180 2263
180 2267
180 2269
180 2269
181 2252
181 2263
181 2267
182 2257
182 2261
182 2264
182 2269
182 2272
182 2273
183 2266
183 2266
183 2274
183 2279
184 2259
184 2260
184 2263
184 2278
184 2278
185 2262
185 2269
185 2273
185 2278
185 2279
185 2286
186 2263
186 2263
186 2270
187 2273
188 2266
188 2280
188 2282
189 2271
189 2275
189 2275
189 2282
189 2283
189 2286
189 2286
190 2267
190 2270
190 2272
190 2272
190 2296
191 2261
191 2263
191 2264
191 2265
191 2268
192 2267
192 2269
192 2272
192 2287
193 2265
193 2272
193 2274
193 2274
193 2286
193 2286
194 2251
194 2258
194 2261
194 2263
194 2268
195 2249
195 2263
195 2267
195 2269
195 2270
196 2263
196 2272
196 2277
196 2287
196 2288
196 2291
197 2269
197 2270
197 2271
197 2271
197 2272
198 2269
198 2281
199 2277
199 2278
200 2277
200 2287
201 2284
201 2297
202 2286
202 2292
203 2277
203 2291
203 2297
204 2278
204 2283
204 2290
204 2291
205 2273
205 2277
205 2277
205 2282
205 2283
205 2285
206 2269
206 2275
206 2276
206 2289
207 2277
207 2278
208 2281
208 2288
208 2288
209 2288
209 2299
210 2255
210 2271
210 2271
210 2271
210 2279
210 2280
211 2282
211 2283
212 2294
212 2301
213 2264
213 2288
214 2272
214 2275
214 2277
214 2299
215 2265
215 2266
215 2271
215 2279
215 2284
216 2268
216 2277
216 2297
217 2274
217 2276
217 2281
217 2282
217 2290
218 2281
218 2281
218 2284
218 2288
219 2273
219 2279
219 2283
219 2284
219 2285
219 2288
219 2292
219 2292
220 2274
220 2275
220 2275
220 2275
220 2289
221 2276
221 2277
221 2277
221 2277
222 2280
222 2289
223 2275
223 2276
223 2279
223 2280
223 2280
224 2281
224 2285
224 2304
224 2304
226 2280
227 2289
227 2294
227 2295
227 2313
228 2276
228 2285
228 2286
229 2272
229 2275
229 2279
229 2283
230 2266
230 2266
230 2289
232 2274
232 2284
232 2286
232 2289
233 2237
233 2244
233 2265
233 2271
233 2274
233 2290
234 2270
234 2298
234 2301
235 2269
235 2275
235 2275
235 2279
235 2282
236 2201
236 2261
236 2270
236 2273
237 2261
237 2262
237 2285
237 2288
238 2265
239 2267
239 2275
240 2263
240 2263
240 2271
240 2279
240 2280
240 2281
240 2294
241 2261
241 2263
241 2270
241 2272
242 2259
242 2267
242 2269
242 2270
242 2278
242 2287
243 2274
243 2276
243 2277
243 2279
243 2280
243 2283
244 2274
244 2285
245 2269
245 2270
245 2272
245 2273
245 2287
245 2296
246 2272
246 2283
246 2284
246 2288
247 2261
247 2275
247 2278
248 2274
248 2277
248 2280
248 2283
249 2272
249 2274
249 2277
250 2273
250 2278
250 2281
250 2282
250 2297
250 2306
250 2313
250 2318
251 2263
251 2269
251 2272
251 2277
251 2278
252 2265
252 2267
252 2270
252 2273
252 2280
252 2307
253 2279
254 2274
254 2277
254 2284
255 2273
255 2275
255 2290
255 2296
255 2302
255 2305
256 2271
256 2278
256 2287
257 2289
258 2279
258 2281
258 2282
258 2288
258 2292
259 2269
259 2269
259 2273
259 2273
259 2274
259 2275
259 2278
259 2290
260 2261
260 2265
260 2266
260 2278
260 2286
260 2289
261 2265
261 2269
261 2272
261 2273
262 2271
262 2272
262 2275
262 2275
263 2264
263 2266
263 2267
263 2270
263 2274
263 2282
264 2256
264 2265
264 2266
264 2267
264 2267
264 2270
265 2262
265 2265
265 2268
265 2272
266 2263
266 2268
266 2278
266 2283
267 2272
267 2274
267 2284
268 2271
268 2273
268 2302
269 2275
269 2279
269 2282
270 2289
271 2289
271 2295
271 2300
271 2302
272 2293
272 2293
272 2296
272 2304
273 2263
273 2272
273 2295
274 2270
274 2278
275 2279
275 2281
275 2282
275 2287
275 2292
276 2274
276 2277
276 2278
276 2279
277 2277
277 2279
277 2282
277 2285
278 2275
278 2277
278 2289
279 2258
279 2269
279 2273
279 2276
279 2279
279 2286
280 2264
280 2267
280 2269
280 2277
281 2263
281 2275
281 2276
282 2264
282 2270
282 2271
282 2278
282 2279
283 2278
283 2288
283 2291
283 2293
284 2266
284 2274
284 2285
285 2277
285 2279
285 2280
286 2298
287 2274
287 2286
288 2278
288 2280
288 2282
288 2283
288 2284
289 2284
290 2267
290 2272
290 2276
290 2280
290 2291
291 2264
291 2269
291 2270
291 2276
291 2277
291 2298
292 2274
292 2275
292 2276
292 2282
293 2262
293 2273
294 2265
294 2267
294 2270
294 2277
294 2281
295 2280
295 2280
296 2269
296 2278
296 2285
296 2286
296 2293
297 2278
297 2278
297 2279
298 2279
298 2280
298 2281
298 2282
298 2288
298 2291
299 2275
299 2276
299 2279
299 2280
299 2282
300 2269
300 2272
300 2272
300 2284
300 2285
301 2276
301 2282
301 2285
301 2289
302 2274
302 2274
302 2278
302 2280
302 2282
303 2273
303 2283
303 2284
304 2249
304 2261
304 2271
304 2288
304 2291
304 2299
305 2274
305 2281
305 2282
305 2292
306 2273
306 2281
306 2282
307 2269
307 2274
307 2278
307 2282
307 2288
307 2293
308 2260
308 2267
308 2267
308 2269
308 2270
308 2272
308 2279
309 2252
309 2253
309 2259
309 2267
309 2279
309 2279
309 2291
310 2257
310 2258
310 2261
310 2285
311 2270
311 2279
312 2277
312 2288
313 2274
313 2276
313 2281
313 2283
313 2286
314 2269
314 2271
314 2273
314 2273
314 2278
314 2292
315 2283
316 2274
316 2278
316 2284
316 2287
316 2299
316 2302
317 2282
317 2288
318 2283
318 2294
319 2278
319 2279
319 2280
320 2273
321 2263
321 2267
321 2268
321 2276
321 2282
322 2272
322 2273
322 2275
322 2289
323 2268
323 2271
323 2277
323 2284
324 2274
324 2276
324 2279
324 2280
324 2287
325 2273
325 2277
325 2278
325 2283
326 2277
326 2280
326 2285
326 2286
327 2276
327 2285
328 2269
328 2289
329 2271
329 2275
329 2280
329 2284
329 2291
329 2294
329 2294
330 2284
330 2284
330 36.6
331 2220
331 2223
331 2235
331 2274
331 2280
331 30.3
331 4.16
332 16.2
332 18.1
332 2134
332 2160
332 2330
333 210
333 2275
333 2312
333 2386
333 2408
333 72.8
333 99.5
334 245
334 2453
334 2462
334 2513
334 2522
334 2538
335 2364
335 2366
335 525
335 531
335 550
336 2480
336 719
337 2319
337 2323
337 2330
337 2352
337 2369
337 863
337 887
337 888
338 2308
338 2321
338 2381
338 833
339 2286
339 2291
339 2300
339 2302
339 845
339 847
339 924
340 2283
340 2296
340 2307
341 2352
341 2394
341 2397
341 2426
341 2440
341 721
342 2196
342 2216
342 2298
342 924
342 924
342 939
342 962
343 1012
343 1012
343 1040
343 1080
343 2364
343 2415
344 2271
344 2294
344 2317
345 2324
346 1781
346 1781
346 1785
346 2314
346 2329
346 2335
346 2345
346 2361
346 2363
347 1429
347 1453
347 2071
347 2178
347 2181
347 2192
347 2237
347 2239
347 2308
348 1636
348 1636
348 1673
348 2266
348 2287
348 2292
348 2292
349 2288
349 2292
349 2356
350 2059
350 2107
350 2286
350 2308
350 2313
350 2316
351 2112
351 2318
351 2321
351 2333
351 2336
351 2343
352 2329
352 2332
352 2339
352 2343
352 2347
353 2276
353 2277
353 2280
353 2290
353 2293
353 2316
353 2317
354 2032
354 2032
354 2219
354 2232
354 2237
354 2238
354 2273
354 2313
355 2130
355 2215
355 2281
356 2156
356 2158
356 2275
356 2296
356 2301
357 2163
357 2167
357 2181
357 2291
358 2259
358 2263
358 2283
358 2285
358 2286
358 2293
358 2303
359 2289
359 2292
359 2356
360 2290
360 2298
360 2300
360 2312
361 2179
361 2286
361 2287
362 2151
362 2179
362 2180
362 2181
362 2289
362 2295
362 2304
362 2374
362 2384
362 2398
362 2403
362 2409
362 2424
363 2384
363 2386
363 2387
363 2388
363 2392
363 2399
363 2400
363 2412
363 2412
364 2224
364 2224
364 2427
364 2519
364 2558
364 2574
364 2589
365 2607
365 2640
365 2687
365 2690
366 2560
366 2620
366 2621
366 2622
366 2626
366 2628
366 2681
366 2697
366 2708
366 2711
367 2507
367 2515
367 2597
368 2574
368 2584
369 2279
369 2319
369 2464
370 1586
370 2088
370 2162
370 2179
370 2187
371 872
371 872
372 1359
372 1508
372 2036
373 2076
373 437
373 437
373 463
374 1225
374 2049
374 2058
374 519
374 545
375 1583
375 1600
375 1634
375 2381
375 643
375 662
376 2075
376 2266
376 2281
376 2281
376 2287
377 2102
377 2316
377 911
378 1117
378 2294
379 1439
379 1443
379 1459
379 1459
379 2278
379 2280
380 1706
380 2319
381 1792
381 2285
381 2295
381 2305
382 1727
382 1729
382 1802
382 2277
382 2278
382 2281
382 2285
382 2293
382 2311
383 1736
383 1739
383 1745
384 1423
384 1425
384 2230
384 2238
384 2250
384 2297
385 2250
385 2256
385 2263
386 1356
386 1358
386 2263
386 2274
387 2276
387 2302
388 2303
389 2313
389 2313
390 1184
390 1191
390 1193
390 1205
390 2286
390 2287
391 2251
391 2272
391 2275
391 2296
392 2280
392 874
392 876
393 2262
393 2267
393 2275
393 2288
393 811
394 2263
394 2265
394 2276
394 2283
394 984
394 984
395 1214
395 1216
395 2273
395 2275
395 2275
395 2303
396 1330
396 1331
396 2309
396 2333
396 2350
396 2379
397 1289
397 1289
397 2278
398 1376
398 1376
398 1418
398 1434
398 2287
398 2288
398 2290
399 1520
399 1522
399 2295
399 2299
400 1568
400 2287
401 1823
401 1824
401 1834
401 1882
401 2289
401 2290
402 2118
402 2118
402 2181
402 2196
402 2296
402 2309
403 2274
404 2197
404 2197
404 2290
404 2314
405 2262
405 2264
405 2271
405 2318
406 2270
406 2271
406 2282
406 2290
406 2291
406 2295
406 2300
407 2297
407 2344
407 2358
408 2272
408 2275
409 2138
409 2228
410 1716
410 1976
410 1986
410 2190
411 1689
411 2054
411 2061
412 1531
412 2077
412 2108
412 2267
413 1334
413 1450
413 2179
413 2179
413 2300
414 2216
414 2245
415 2136
415 2163
415 2165
415 2281
415 411
416 2163
416 2284
416 2291
416 285
417 1842
417 2074
417 2172
417 257
418 2073
418 2074
418 2159
418 2341
418 2344
419 2087
419 2106
419 2297
419 424
420 2227
420 2263
420 2286
420 2324
420 2362
420 2371
420 539
421 2297
421 2297
421 2302
421 2313
421 2326
421 651
421 692
421 748
421 800
422 1069
422 1124
422 1190
422 2278
422 2290
423 1279
423 1373
423 2316
424 1393
424 2279
424 2288
425 1704
425 1712
425 1734
425 2287
425 2323
425 2377
426 1640
426 2286
426 2287
426 2293
427 1695
427 1774
427 1826
427 2335
428 1983
428 2271
428 2283
428 2288
428 2293
429 2046
429 2272
429 2284
430 2331
431 2170
431 2278
431 2281
431 2287
431 2363
431 2380
431 2382
432 2141
432 2194
432 2291
432 2295
432 2298
432 2308
432 2340
432 2341
433 2294
433 2379
433 2382
433 2439
433 2457
433 2480
434 2258
434 2261
434 2274
434 2298
434 2305
435 2278
435 2345
435 2346
435 2363
435 2365
435 2422
436 2266
436 2288
436 2306
436 2308
436 2354
436 2365
436 2369
436 2481
436 2494
437 2261
437 2268
437 2306
439 2288
439 2300
440 1285
440 1980
442 1057
442 1293
442 1318
442 1384
442 818
443 126
443 129
443 133
443 16.9
443 880
444 1399
444 1531
444 23.8
445 1757
445 1923
445 1934
445 36.0
445 675
445 740
445 76.2
446 1856
446 1957
446 612
446 639
446 650
447 1253
447 1391
447 1490
447 2007
447 725
447 733
447 761
448 2478
448 851
448 853
449 1016
449 1031
449 2280
449 2282
449 2387
449 892
449 901
450 1040
450 2244
450 2265
450 2301
450 2325
451 2277
451 2298
451 2314
452 1191
452 1196
452 1210
452 2276
452 2279
452 2295
452 2321
452 2323
453 1442
453 1459
453 1540
453 2261
453 2276
453 2278
453 2300
454 2268
454 2272
454 2279
455 1499
455 1538
455 2284
455 2284
455 2289
456 1622
456 2266
456 2268
456 2298
457 1732
457 1738
457 2300
457 2323
458 1724
458 1742
458 1747
458 2268
458 2276
458 2278
458 2281
458 2283
458 2288
458 2290
459 1837
459 2282
459 2284
459 2288
459 2290
460 2048
460 2100
460 2127
460 2155
460 2327
460 2341
460 2347
460 2359
460 2381
461 2277
461 2280
461 2295
462 2277
462 2294
462 2294
462 2299
462 2327
462 2330
462 2341
462 2344
463 2374
463 2382
463 2403
463 2406
463 2424
463 2457
464 2274
464 2276
464 2289
464 2289
464 2290
464 2297
464 2301
465 2297
465 2311
465 2312
465 2330
466 2358
466 2383
466 2384
466 2387
466 2398
466 2398
466 2400
467 2306
467 2321
467 2323
468 2382
468 2388
468 2399
468 2420
468 2434
469 1567
469 1672
469 2062
469 2081
469 2129
469 2230
469 2236
469 2239
469 2286
470 1553
470 1588
470 1972
470 1994
471 1724
471 1840
471 2018
471 2060
471 2154
471 2173
471 2200
471 2202
471 2273
471 2294
471 2298
472 1885
472 1910
472 2276
472 2281
472 2284
472 2293
473 2159
473 2265
473 2276
473 2280
473 2281
473 2287
473 2294
473 2307
473 2310
473 2323
474 2273
474 2279
474 2284
474 2288
474 2290
474 2301
475 2268
475 2278
475 2279
475 2280
475 2297
475 2309
475 2314
475 2320
476 2306
476 2314
476 2316
476 2342
476 2348
476 2349
476 2356
477 2305
477 2316
477 2323
477 2325
477 2329
477 2329
478 2404
478 2405
478 2406
478 2409
478 2423
478 2452
478 2454
478 2468
478 2472
479 2518
479 2524
479 2525
479 2532
480 2513
480 2519
480 2522
480 2596
480 2627
480 2671
481 2661
481 2665
481 2672
481 2748
482 2745
482 2746
482 2758
482 2775
482 2775
482 2789
482 2795
483 2712
483 2788
484 2796
484 2805
484 2820
484 2826
484 2834
485 2653
485 2774
485 2789
485 2836
485 2857
485 2859
486 2561
486 2581
486 2686
486 2697
486 2703
487 2474
487 2508
487 2510
487 2523
487 2532
487 2542
487 2544
487 2562
488 2315
488 2321
488 2395
488 2462
488 2477
488 2529
489 2268
489 2324
489 2325
489 2335
489 2337
489 2341
490 2299
490 2301
490 2305
490 2305
490 2311
490 2319
490 2320
490 2321
490 2323
491 2320
491 2323
491 2339
491 2343
492 2223
492 2240
492 2264
492 2268
492 2274
492 2275
492 2293
492 2293
493 2314
493 2335
493 2349
493 2353
493 2367
493 2378
493 2380
493 2383
493 2400
494 2358
494 2371
494 2376
494 2385
494 2385
494 2386
494 2392
494 2399
495 2377
495 2384
495 2392
495 2395
495 2439
496 2372
496 2373
496 2377
497 2342
497 2373
497 2380
497 2381
497 2387
497 2389
497 2407
498 2081
498 2166
498 2171
498 2239
498 2305
498 2306
498 2323
498 2346
499 1787
499 2006
499 2014
499 2138
499 2235
499 2257
499 2340
500 2316
500 2324
500 2353
501 2372
501 2372
501 2383
501 2397
501 2435
502 2440
